2 35 1
2 36 2
3 32 3
3 33 4
3 34 5
3 35 6
3 36 7
4 27 8
4 28 9
4 29 10
4 30 11
4 31 12
4 32 13
4 33 14
4 34 15
4 35 16
4 36 17
5 25 18
5 26 19
5 27 20
5 28 21
5 29 22
5 30 23
5 31 24
5 32 25
5 33 26
5 34 27
5 35 28
5 36 29
6 22 30
6 23 31
6 24 32
6 25 33
6 26 34
6 27 35
6 28 36
6 29 37
6 30 38
6 31 39
6 32 40
6 33 41
6 34 42
6 35 43
6 36 44
7 20 45
7 21 46
7 22 47
7 23 48
7 24 49
7 25 50
7 26 51
7 27 52
7 28 53
7 29 54
7 30 55
7 31 56
7 32 57
7 33 58
7 34 59
7 35 60
7 36 61
8 18 62
8 19 63
8 20 64
8 21 65
8 22 66
8 23 67
8 24 68
8 25 69
8 26 70
8 27 71
8 28 72
8 29 73
8 30 74
8 31 75
8 32 76
8 33 77
8 34 78
8 35 79
8 36 80
8 37 81
9 17 82
9 18 83
9 19 84
9 20 85
9 21 86
9 22 87
9 23 88
9 24 89
9 25 90
9 26 91
9 27 92
9 28 93
9 29 94
9 30 95
9 31 96
9 32 97
9 33 98
9 34 99
9 35 100
9 36 101
9 37 102
9 38 103
10 16 104
10 17 105
10 18 106
10 19 107
10 20 108
10 21 109
10 22 110
10 23 111
10 24 112
10 25 113
10 26 114
10 27 115
10 28 116
10 29 117
10 30 118
10 31 119
10 32 120
10 33 121
10 34 122
10 35 123
10 36 124
10 37 125
10 38 126
11 14 127
11 15 128
11 16 129
11 17 130
11 18 131
11 19 132
11 20 133
11 21 134
11 22 135
11 23 136
11 24 137
11 25 138
11 26 139
11 27 140
11 28 141
11 29 142
11 30 143
11 31 144
11 32 145
11 33 146
11 34 147
11 35 148
11 36 149
11 37 150
11 38 151
11 39 152
12 13 153
12 14 154
12 15 155
12 16 156
12 17 157
12 18 158
12 19 159
12 20 160
12 21 161
12 22 162
12 23 163
12 24 164
12 25 165
12 26 166
12 27 167
12 28 168
12 29 169
12 30 170
12 31 171
12 32 172
12 33 173
12 34 174
12 35 175
12 36 176
12 37 177
12 38 178
12 39 179
12 40 180
13 13 181
13 14 182
13 15 183
13 16 184
13 17 185
13 18 186
13 19 187
13 20 188
13 21 189
13 22 190
13 23 191
13 24 192
13 25 193
13 26 194
13 27 195
13 28 196
13 29 197
13 30 198
13 31 199
13 32 200
13 33 201
13 34 202
13 35 203
13 36 204
13 37 205
13 38 206
13 39 207
13 40 208
13 41 209
13 42 210
14 10 211
14 11 212
14 12 213
14 13 214
14 14 215
14 15 216
14 16 217
14 17 218
14 18 219
14 19 220
14 20 221
14 21 222
14 22 223
14 23 224
14 24 225
14 25 226
14 26 227
14 27 228
14 28 229
14 29 230
14 30 231
14 31 232
14 32 233
14 33 234
14 34 235
14 35 236
14 36 237
14 37 238
14 38 239
14 39 240
14 40 241
14 41 242
14 42 243
14 43 244
15 9 245
15 10 246
15 11 247
15 12 248
15 13 249
15 14 250
15 15 251
15 16 252
15 17 253
15 18 254
15 19 255
15 20 256
15 21 257
15 22 258
15 23 259
15 24 260
15 25 261
15 26 262
15 27 263
15 28 264
15 29 265
15 30 266
15 31 267
15 32 268
15 33 269
15 34 270
15 35 271
15 36 272
15 37 273
15 38 274
15 39 275
15 40 276
15 41 277
15 42 278
15 43 279
15 44 280
15 45 281
16 8 282
16 9 283
16 10 284
16 11 285
16 12 286
16 13 287
16 14 288
16 15 289
16 16 290
16 17 291
16 18 292
16 19 293
16 20 294
16 21 295
16 22 296
16 23 297
16 24 298
16 25 299
16 26 300
16 27 301
16 28 302
16 29 303
16 30 304
16 31 305
16 32 306
16 33 307
16 34 308
16 35 309
16 36 310
16 37 311
16 38 312
16 39 313
16 40 314
16 41 315
16 42 316
16 43 317
16 44 318
16 45 319
16 46 320
16 47 321
17 7 322
17 8 323
17 9 324
17 10 325
17 11 326
17 12 327
17 13 328
17 14 329
17 15 330
17 16 331
17 17 332
17 18 333
17 19 334
17 20 335
17 21 336
17 22 337
17 23 338
17 24 339
17 25 340
17 26 341
17 27 342
17 28 343
17 29 344
17 30 345
17 31 346
17 32 347
17 33 348
17 34 349
17 35 350
17 36 351
17 37 352
17 38 353
17 39 354
17 40 355
17 41 356
17 42 357
17 43 358
17 44 359
17 45 360
17 46 361
17 47 362
17 48 363
17 49 364
18 6 365
18 7 366
18 8 367
18 9 368
18 10 369
18 11 370
18 12 371
18 13 372
18 14 373
18 15 374
18 16 375
18 17 376
18 18 377
18 19 378
18 20 379
18 21 380
18 22 381
18 23 382
18 24 383
18 25 384
18 26 385
18 27 386
18 28 387
18 29 388
18 30 389
18 31 390
18 32 391
18 33 392
18 34 393
18 35 394
18 36 395
18 37 396
18 38 397
18 39 398
18 40 399
18 41 400
18 42 401
18 43 402
18 44 403
18 45 404
18 46 405
18 47 406
18 48 407
18 49 408
18 50 409
18 51 410
19 5 411
19 6 412
19 7 413
19 8 414
19 9 415
19 10 416
19 11 417
19 12 418
19 13 419
19 14 420
19 15 421
19 16 422
19 17 423
19 18 424
19 19 425
19 20 426
19 21 427
19 22 428
19 23 429
19 24 430
19 25 431
19 26 432
19 27 433
19 28 434
19 29 435
19 30 436
19 31 437
19 32 438
19 33 439
19 34 440
19 35 441
19 36 442
19 37 443
19 38 444
19 39 445
19 40 446
19 41 447
19 42 448
19 43 449
19 44 450
19 45 451
19 46 452
19 47 453
19 48 454
19 49 455
19 50 456
19 51 457
19 52 458
20 4 459
20 5 460
20 6 461
20 7 462
20 8 463
20 9 464
20 10 465
20 11 466
20 12 467
20 13 468
20 14 469
20 15 470
20 16 471
20 17 472
20 18 473
20 19 474
20 20 475
20 21 476
20 22 477
20 23 478
20 24 479
20 25 480
20 26 481
20 27 482
20 28 483
20 29 484
20 30 485
20 31 486
20 32 487
20 33 488
20 34 489
20 35 490
20 36 491
20 37 492
20 38 493
20 39 494
20 40 495
20 41 496
20 42 497
20 43 498
20 44 499
20 45 500
20 46 501
20 47 502
20 48 503
20 49 504
20 50 505
20 51 506
20 52 507
20 53 508
20 54 509
21 3 510
21 4 511
21 5 512
21 6 513
21 7 514
21 8 515
21 9 516
21 10 517
21 11 518
21 12 519
21 13 520
21 14 521
21 15 522
21 16 523
21 17 524
21 18 525
21 19 526
21 20 527
21 21 528
21 22 529
21 23 530
21 24 531
21 25 532
21 26 533
21 27 534
21 28 535
21 29 536
21 30 537
21 31 538
21 32 539
21 33 540
21 34 541
21 35 542
21 36 543
21 37 544
21 38 545
21 39 546
21 40 547
21 41 548
21 42 549
21 43 550
21 44 551
21 45 552
21 46 553
21 47 554
21 48 555
21 49 556
21 50 557
21 51 558
21 52 559
21 53 560
21 54 561
22 2 562
22 3 563
22 4 564
22 5 565
22 6 566
22 7 567
22 8 568
22 9 569
22 10 570
22 11 571
22 12 572
22 13 573
22 14 574
22 15 575
22 16 576
22 17 577
22 18 578
22 19 579
22 20 580
22 21 581
22 22 582
22 23 583
22 24 584
22 25 585
22 26 586
22 27 587
22 28 588
22 29 589
22 30 590
22 31 591
22 32 592
22 33 593
22 34 594
22 35 595
22 36 596
22 37 597
22 38 598
22 39 599
22 40 600
22 41 601
22 42 602
22 43 603
22 44 604
22 45 605
22 46 606
22 47 607
22 48 608
22 49 609
22 50 610
22 51 611
22 52 612
22 53 613
22 54 614
22 55 615
23 2 616
23 3 617
23 4 618
23 5 619
23 6 620
23 7 621
23 8 622
23 9 623
23 10 624
23 11 625
23 12 626
23 13 627
23 14 628
23 15 629
23 16 630
23 17 631
23 18 632
23 19 633
23 20 634
23 21 635
23 22 636
23 23 637
23 24 638
23 25 639
23 26 640
23 27 641
23 28 642
23 29 643
23 30 644
23 31 645
23 32 646
23 33 647
23 34 648
23 35 649
23 36 650
23 37 651
23 38 652
23 39 653
23 40 654
23 41 655
23 42 656
23 43 657
23 44 658
23 45 659
23 46 660
23 47 661
23 48 662
23 49 663
23 50 664
23 51 665
23 52 666
23 53 667
23 54 668
23 55 669
24 2 670
24 3 671
24 4 672
24 5 673
24 6 674
24 7 675
24 8 676
24 9 677
24 10 678
24 11 679
24 12 680
24 13 681
24 14 682
24 15 683
24 16 684
24 17 685
24 18 686
24 19 687
24 20 688
24 21 689
24 22 690
24 23 691
24 24 692
24 25 693
24 26 694
24 27 695
24 28 696
24 29 697
24 30 698
24 31 699
24 32 700
24 33 701
24 34 702
24 35 703
24 36 704
24 37 705
24 38 706
24 39 707
24 40 708
24 41 709
24 42 710
24 43 711
24 44 712
24 45 713
24 46 714
24 47 715
24 48 716
24 49 717
24 50 718
24 51 719
24 52 720
24 53 721
24 54 722
24 55 723
25 2 724
25 3 725
25 4 726
25 5 727
25 6 728
25 7 729
25 8 730
25 9 731
25 10 732
25 11 733
25 12 734
25 13 735
25 14 736
25 15 737
25 16 738
25 17 739
25 18 740
25 19 741
25 20 742
25 21 743
25 22 744
25 23 745
25 24 746
25 25 747
25 26 748
25 27 749
25 28 750
25 29 751
25 30 752
25 31 753
25 32 754
25 33 755
25 34 756
25 35 757
25 36 758
25 37 759
25 38 760
25 39 761
25 40 762
25 41 763
25 42 764
25 43 765
25 44 766
25 45 767
25 46 768
25 47 769
25 48 770
25 49 771
25 50 772
25 51 773
25 52 774
25 53 775
25 54 776
25 55 777
25 56 778
26 3 779
26 4 780
26 5 781
26 6 782
26 7 783
26 8 784
26 9 785
26 10 786
26 11 787
26 12 788
26 13 789
26 14 790
26 15 791
26 16 792
26 17 793
26 18 794
26 19 795
26 20 796
26 21 797
26 22 798
26 23 799
26 24 800
26 25 801
26 26 802
26 27 803
26 28 804
26 29 805
26 30 806
26 31 807
26 32 808
26 33 809
26 34 810
26 35 811
26 36 812
26 37 813
26 38 814
26 39 815
26 40 816
26 41 817
26 42 818
26 43 819
26 44 820
26 45 821
26 46 822
26 47 823
26 48 824
26 49 825
26 50 826
26 51 827
26 52 828
26 53 829
26 54 830
26 55 831
26 56 832
26 57 833
27 3 834
27 4 835
27 5 836
27 6 837
27 7 838
27 8 839
27 9 840
27 10 841
27 11 842
27 12 843
27 13 844
27 14 845
27 15 846
27 16 847
27 17 848
27 18 849
27 19 850
27 20 851
27 21 852
27 22 853
27 23 854
27 24 855
27 25 856
27 26 857
27 27 858
27 28 859
27 29 860
27 30 861
27 31 862
27 32 863
27 33 864
27 34 865
27 35 866
27 36 867
27 37 868
27 38 869
27 39 870
27 40 871
27 41 872
27 42 873
27 43 874
27 44 875
27 45 876
27 46 877
27 47 878
27 48 879
27 49 880
27 50 881
27 51 882
27 52 883
27 53 884
27 54 885
27 55 886
27 56 887
27 57 888
27 58 889
28 4 890
28 5 891
28 6 892
28 7 893
28 8 894
28 9 895
28 10 896
28 11 897
28 12 898
28 13 899
28 14 900
28 15 901
28 16 902
28 17 903
28 18 904
28 19 905
28 20 906
28 21 907
28 22 908
28 23 909
28 24 910
28 25 911
28 26 912
28 27 913
28 28 914
28 29 915
28 30 916
28 31 917
28 32 918
28 33 919
28 34 920
28 35 921
28 36 922
28 37 923
28 38 924
28 39 925
28 40 926
28 41 927
28 42 928
28 43 929
28 44 930
28 45 931
28 46 932
28 47 933
28 48 934
28 49 935
28 50 936
28 51 937
28 52 938
28 53 939
28 54 940
28 55 941
28 56 942
28 57 943
28 58 944
28 59 945
29 4 946
29 5 947
29 6 948
29 7 949
29 8 950
29 9 951
29 10 952
29 11 953
29 12 954
29 13 955
29 14 956
29 15 957
29 16 958
29 17 959
29 18 960
29 19 961
29 20 962
29 21 963
29 22 964
29 23 965
29 24 966
29 25 967
29 26 968
29 27 969
29 28 970
29 29 971
29 30 972
29 31 973
29 32 974
29 33 975
29 34 976
29 35 977
29 36 978
29 37 979
29 38 980
29 39 981
29 40 982
29 41 983
29 42 984
29 43 985
29 44 986
29 45 987
29 46 988
29 47 989
29 48 990
29 49 991
29 50 992
29 51 993
29 52 994
29 53 995
29 54 996
29 55 997
29 56 998
29 57 999
29 58 1000
29 59 1001
29 60 1002
29 61 1003
30 4 1004
30 5 1005
30 6 1006
30 7 1007
30 8 1008
30 9 1009
30 10 1010
30 11 1011
30 12 1012
30 13 1013
30 14 1014
30 15 1015
30 16 1016
30 17 1017
30 18 1018
30 19 1019
30 20 1020
30 21 1021
30 22 1022
30 23 1023
30 24 1024
30 25 1025
30 26 1026
30 27 1027
30 28 1028
30 29 1029
30 30 1030
30 31 1031
30 32 1032
30 33 1033
30 34 1034
30 35 1035
30 36 1036
30 37 1037
30 38 1038
30 39 1039
30 40 1040
30 41 1041
30 42 1042
30 43 1043
30 44 1044
30 45 1045
30 46 1046
30 47 1047
30 48 1048
30 49 1049
30 50 1050
30 51 1051
30 52 1052
30 53 1053
30 54 1054
30 55 1055
30 56 1056
30 57 1057
30 58 1058
30 59 1059
30 60 1060
30 61 1061
30 62 1062
31 5 1063
31 6 1064
31 7 1065
31 8 1066
31 9 1067
31 10 1068
31 11 1069
31 12 1070
31 13 1071
31 14 1072
31 15 1073
31 16 1074
31 17 1075
31 18 1076
31 19 1077
31 20 1078
31 21 1079
31 22 1080
31 23 1081
31 24 1082
31 25 1083
31 26 1084
31 27 1085
31 28 1086
31 29 1087
31 30 1088
31 31 1089
31 32 1090
31 33 1091
31 34 1092
31 35 1093
31 36 1094
31 37 1095
31 38 1096
31 39 1097
31 40 1098
31 41 1099
31 42 1100
31 43 1101
31 44 1102
31 45 1103
31 46 1104
31 47 1105
31 48 1106
31 49 1107
31 50 1108
31 51 1109
31 52 1110
31 53 1111
31 54 1112
31 55 1113
31 56 1114
31 57 1115
31 58 1116
31 59 1117
31 60 1118
31 61 1119
31 62 1120
32 7 1121
32 8 1122
32 9 1123
32 10 1124
32 11 1125
32 12 1126
32 13 1127
32 14 1128
32 15 1129
32 16 1130
32 17 1131
32 18 1132
32 19 1133
32 20 1134
32 21 1135
32 22 1136
32 23 1137
32 24 1138
32 25 1139
32 26 1140
32 27 1141
32 28 1142
32 29 1143
32 30 1144
32 31 1145
32 32 1146
32 33 1147
32 34 1148
32 35 1149
32 36 1150
32 37 1151
32 38 1152
32 39 1153
32 40 1154
32 41 1155
32 42 1156
32 43 1157
32 44 1158
32 45 1159
32 46 1160
32 47 1161
32 48 1162
32 49 1163
32 50 1164
32 51 1165
32 52 1166
32 53 1167
32 54 1168
32 55 1169
32 56 1170
32 57 1171
32 58 1172
32 59 1173
32 60 1174
32 61 1175
32 62 1176
33 8 1177
33 9 1178
33 10 1179
33 11 1180
33 12 1181
33 13 1182
33 14 1183
33 15 1184
33 16 1185
33 17 1186
33 18 1187
33 19 1188
33 20 1189
33 21 1190
33 22 1191
33 23 1192
33 24 1193
33 25 1194
33 26 1195
33 27 1196
33 28 1197
33 29 1198
33 30 1199
33 31 1200
33 32 1201
33 33 1202
33 34 1203
33 35 1204
33 36 1205
33 37 1206
33 38 1207
33 39 1208
33 40 1209
33 41 1210
33 42 1211
33 43 1212
33 44 1213
33 45 1214
33 46 1215
33 47 1216
33 48 1217
33 49 1218
33 50 1219
33 51 1220
33 52 1221
33 53 1222
33 54 1223
33 55 1224
33 56 1225
33 57 1226
33 58 1227
33 59 1228
33 60 1229
33 61 1230
33 62 1231
33 63 1232
34 10 1233
34 11 1234
34 12 1235
34 13 1236
34 14 1237
34 15 1238
34 16 1239
34 17 1240
34 18 1241
34 19 1242
34 20 1243
34 21 1244
34 22 1245
34 23 1246
34 24 1247
34 25 1248
34 26 1249
34 27 1250
34 28 1251
34 29 1252
34 30 1253
34 31 1254
34 32 1255
34 33 1256
34 34 1257
34 35 1258
34 36 1259
34 37 1260
34 38 1261
34 39 1262
34 40 1263
34 41 1264
34 42 1265
34 43 1266
34 44 1267
34 45 1268
34 46 1269
34 47 1270
34 48 1271
34 49 1272
34 50 1273
34 51 1274
34 52 1275
34 53 1276
34 54 1277
34 55 1278
34 56 1279
34 57 1280
34 58 1281
34 59 1282
34 60 1283
34 61 1284
34 62 1285
34 63 1286
34 64 1287
35 8 1288
35 9 1289
35 10 1290
35 11 1291
35 12 1292
35 13 1293
35 14 1294
35 15 1295
35 16 1296
35 17 1297
35 18 1298
35 19 1299
35 20 1300
35 21 1301
35 22 1302
35 23 1303
35 24 1304
35 25 1305
35 26 1306
35 27 1307
35 28 1308
35 29 1309
35 30 1310
35 31 1311
35 32 1312
35 33 1313
35 34 1314
35 35 1315
35 36 1316
35 37 1317
35 38 1318
35 39 1319
35 40 1320
35 41 1321
35 42 1322
35 43 1323
35 44 1324
35 45 1325
35 46 1326
35 47 1327
35 48 1328
35 49 1329
35 50 1330
35 51 1331
35 52 1332
35 53 1333
35 54 1334
35 55 1335
35 56 1336
35 57 1337
35 58 1338
35 59 1339
35 60 1340
35 61 1341
35 62 1342
35 63 1343
35 64 1344
36 7 1345
36 8 1346
36 9 1347
36 10 1348
36 11 1349
36 12 1350
36 13 1351
36 14 1352
36 15 1353
36 16 1354
36 17 1355
36 18 1356
36 19 1357
36 20 1358
36 21 1359
36 22 1360
36 23 1361
36 24 1362
36 25 1363
36 26 1364
36 27 1365
36 28 1366
36 29 1367
36 30 1368
36 31 1369
36 32 1370
36 33 1371
36 34 1372
36 35 1373
36 36 1374
36 37 1375
36 38 1376
36 39 1377
36 40 1378
36 41 1379
36 42 1380
36 43 1381
36 44 1382
36 45 1383
36 46 1384
36 47 1385
36 48 1386
36 49 1387
36 50 1388
36 51 1389
36 52 1390
36 53 1391
36 54 1392
36 55 1393
36 56 1394
36 57 1395
36 58 1396
36 59 1397
36 60 1398
36 61 1399
36 62 1400
36 63 1401
36 64 1402
36 65 1403
37 6 1404
37 7 1405
37 8 1406
37 9 1407
37 10 1408
37 11 1409
37 12 1410
37 13 1411
37 14 1412
37 15 1413
37 16 1414
37 17 1415
37 18 1416
37 19 1417
37 20 1418
37 21 1419
37 22 1420
37 23 1421
37 24 1422
37 25 1423
37 26 1424
37 27 1425
37 28 1426
37 29 1427
37 30 1428
37 31 1429
37 32 1430
37 33 1431
37 34 1432
37 35 1433
37 36 1434
37 37 1435
37 38 1436
37 39 1437
37 40 1438
37 41 1439
37 42 1440
37 43 1441
37 44 1442
37 45 1443
37 46 1444
37 47 1445
37 48 1446
37 49 1447
37 50 1448
37 51 1449
37 52 1450
37 53 1451
37 54 1452
37 55 1453
37 56 1454
37 57 1455
37 58 1456
37 59 1457
37 60 1458
37 61 1459
37 62 1460
37 63 1461
37 64 1462
37 65 1463
38 6 1464
38 7 1465
38 8 1466
38 9 1467
38 10 1468
38 11 1469
38 12 1470
38 13 1471
38 14 1472
38 15 1473
38 16 1474
38 17 1475
38 18 1476
38 19 1477
38 20 1478
38 21 1479
38 22 1480
38 23 1481
38 24 1482
38 25 1483
38 26 1484
38 27 1485
38 28 1486
38 29 1487
38 30 1488
38 31 1489
38 32 1490
38 33 1491
38 34 1492
38 35 1493
38 36 1494
38 37 1495
38 38 1496
38 39 1497
38 40 1498
38 41 1499
38 42 1500
38 43 1501
38 44 1502
38 45 1503
38 46 1504
38 47 1505
38 48 1506
38 49 1507
38 50 1508
38 51 1509
38 52 1510
38 53 1511
38 54 1512
38 55 1513
38 56 1514
38 57 1515
38 58 1516
38 59 1517
38 60 1518
38 61 1519
38 62 1520
38 63 1521
38 64 1522
38 65 1523
39 6 1524
39 7 1525
39 8 1526
39 9 1527
39 10 1528
39 11 1529
39 12 1530
39 13 1531
39 14 1532
39 15 1533
39 16 1534
39 17 1535
39 18 1536
39 19 1537
39 20 1538
39 21 1539
39 22 1540
39 23 1541
39 24 1542
39 25 1543
39 26 1544
39 27 1545
39 28 1546
39 29 1547
39 30 1548
39 31 1549
39 32 1550
39 33 1551
39 34 1552
39 35 1553
39 36 1554
39 37 1555
39 38 1556
39 39 1557
39 40 1558
39 41 1559
39 42 1560
39 43 1561
39 44 1562
39 45 1563
39 46 1564
39 47 1565
39 48 1566
39 49 1567
39 50 1568
39 51 1569
39 52 1570
39 53 1571
39 54 1572
39 55 1573
39 56 1574
39 57 1575
39 58 1576
39 59 1577
39 60 1578
39 61 1579
39 62 1580
39 63 1581
39 64 1582
39 65 1583
40 6 1584
40 7 1585
40 8 1586
40 9 1587
40 10 1588
40 11 1589
40 12 1590
40 13 1591
40 14 1592
40 15 1593
40 16 1594
40 17 1595
40 18 1596
40 19 1597
40 20 1598
40 21 1599
40 22 1600
40 23 1601
40 24 1602
40 25 1603
40 26 1604
40 27 1605
40 28 1606
40 29 1607
40 30 1608
40 31 1609
40 32 1610
40 33 1611
40 34 1612
40 35 1613
40 36 1614
40 37 1615
40 38 1616
40 39 1617
40 40 1618
40 41 1619
40 42 1620
40 43 1621
40 44 1622
40 45 1623
40 46 1624
40 47 1625
40 48 1626
40 49 1627
40 50 1628
40 51 1629
40 52 1630
40 53 1631
40 54 1632
40 55 1633
40 56 1634
40 57 1635
40 58 1636
40 59 1637
40 60 1638
40 61 1639
40 62 1640
40 63 1641
40 64 1642
40 65 1643
41 9 1644
41 10 1645
41 11 1646
41 12 1647
41 13 1648
41 14 1649
41 15 1650
41 16 1651
41 17 1652
41 18 1653
41 19 1654
41 20 1655
41 21 1656
41 22 1657
41 23 1658
41 24 1659
41 25 1660
41 26 1661
41 27 1662
41 28 1663
41 29 1664
41 30 1665
41 31 1666
41 32 1667
41 33 1668
41 34 1669
41 35 1670
41 36 1671
41 37 1672
41 38 1673
41 39 1674
41 40 1675
41 41 1676
41 42 1677
41 43 1678
41 44 1679
41 45 1680
41 46 1681
41 47 1682
41 48 1683
41 49 1684
41 50 1685
41 51 1686
41 52 1687
41 53 1688
41 54 1689
41 55 1690
41 56 1691
41 57 1692
41 58 1693
41 59 1694
41 60 1695
41 61 1696
41 62 1697
41 63 1698
41 64 1699
41 65 1700
42 10 1701
42 11 1702
42 12 1703
42 13 1704
42 14 1705
42 15 1706
42 16 1707
42 17 1708
42 18 1709
42 19 1710
42 20 1711
42 21 1712
42 22 1713
42 23 1714
42 24 1715
42 25 1716
42 26 1717
42 27 1718
42 28 1719
42 29 1720
42 30 1721
42 31 1722
42 32 1723
42 33 1724
42 34 1725
42 35 1726
42 36 1727
42 37 1728
42 38 1729
42 39 1730
42 40 1731
42 41 1732
42 42 1733
42 43 1734
42 44 1735
42 45 1736
42 46 1737
42 47 1738
42 48 1739
42 49 1740
42 50 1741
42 51 1742
42 52 1743
42 53 1744
42 54 1745
42 55 1746
42 56 1747
42 58 1748
42 59 1749
42 60 1750
42 61 1751
42 62 1752
42 63 1753
42 64 1754
42 65 1755
43 10 1756
43 11 1757
43 12 1758
43 13 1759
43 14 1760
43 15 1761
43 16 1762
43 17 1763
43 18 1764
43 19 1765
43 20 1766
43 21 1767
43 22 1768
43 23 1769
43 24 1770
43 25 1771
43 26 1772
43 27 1773
43 28 1774
43 29 1775
43 30 1776
43 31 1777
43 32 1778
43 33 1779
43 34 1780
43 35 1781
43 36 1782
43 37 1783
43 38 1784
43 39 1785
43 40 1786
43 41 1787
43 42 1788
43 43 1789
43 44 1790
43 45 1791
43 46 1792
43 47 1793
43 48 1794
43 49 1795
43 50 1796
43 51 1797
43 52 1798
43 53 1799
43 54 1800
43 55 1801
43 56 1802
43 57 1803
43 60 1804
43 61 1805
43 62 1806
43 63 1807
43 64 1808
43 65 1809
44 11 1810
44 12 1811
44 13 1812
44 14 1813
44 15 1814
44 16 1815
44 17 1816
44 18 1817
44 19 1818
44 20 1819
44 21 1820
44 22 1821
44 23 1822
44 24 1823
44 25 1824
44 26 1825
44 27 1826
44 28 1827
44 29 1828
44 30 1829
44 31 1830
44 32 1831
44 33 1832
44 34 1833
44 35 1834
44 36 1835
44 37 1836
44 38 1837
44 39 1838
44 40 1839
44 41 1840
44 42 1841
44 43 1842
44 44 1843
44 45 1844
44 46 1845
44 47 1846
44 48 1847
44 49 1848
44 50 1849
44 51 1850
44 52 1851
44 53 1852
44 54 1853
44 55 1854
44 56 1855
44 57 1856
44 58 1857
44 60 1858
44 61 1859
44 62 1860
44 63 1861
44 64 1862
44 65 1863
45 11 1864
45 12 1865
45 13 1866
45 14 1867
45 15 1868
45 16 1869
45 17 1870
45 18 1871
45 19 1872
45 20 1873
45 21 1874
45 22 1875
45 23 1876
45 24 1877
45 25 1878
45 26 1879
45 27 1880
45 28 1881
45 29 1882
45 30 1883
45 31 1884
45 32 1885
45 33 1886
45 34 1887
45 35 1888
45 36 1889
45 37 1890
45 38 1891
45 39 1892
45 40 1893
45 41 1894
45 42 1895
45 43 1896
45 44 1897
45 45 1898
45 46 1899
45 47 1900
45 48 1901
45 49 1902
45 50 1903
45 51 1904
45 52 1905
45 53 1906
45 54 1907
45 55 1908
45 56 1909
45 57 1910
45 58 1911
45 59 1912
45 61 1913
45 62 1914
45 63 1915
45 64 1916
46 11 1917
46 12 1918
46 13 1919
46 14 1920
46 15 1921
46 16 1922
46 17 1923
46 18 1924
46 19 1925
46 20 1926
46 21 1927
46 22 1928
46 23 1929
46 24 1930
46 25 1931
46 26 1932
46 27 1933
46 28 1934
46 29 1935
46 30 1936
46 31 1937
46 32 1938
46 33 1939
46 34 1940
46 35 1941
46 36 1942
46 37 1943
46 38 1944
46 39 1945
46 40 1946
46 41 1947
46 42 1948
46 43 1949
46 44 1950
46 45 1951
46 46 1952
46 47 1953
46 48 1954
46 49 1955
46 50 1956
46 51 1957
46 52 1958
46 53 1959
46 54 1960
46 55 1961
46 56 1962
46 57 1963
46 58 1964
46 59 1965
46 60 1966
47 11 1967
47 12 1968
47 13 1969
47 14 1970
47 15 1971
47 16 1972
47 17 1973
47 18 1974
47 19 1975
47 20 1976
47 21 1977
47 22 1978
47 23 1979
47 24 1980
47 25 1981
47 26 1982
47 27 1983
47 28 1984
47 29 1985
47 30 1986
47 31 1987
47 32 1988
47 33 1989
47 34 1990
47 35 1991
47 36 1992
47 37 1993
47 38 1994
47 39 1995
47 40 1996
47 41 1997
47 42 1998
47 43 1999
47 44 2000
47 45 2001
47 46 2002
47 47 2003
47 48 2004
47 49 2005
47 50 2006
47 51 2007
47 52 2008
47 53 2009
47 54 2010
47 55 2011
47 56 2012
47 57 2013
47 58 2014
47 59 2015
47 60 2016
47 61 2017
47 62 2018
48 11 2019
48 12 2020
48 13 2021
48 14 2022
48 15 2023
48 16 2024
48 17 2025
48 18 2026
48 19 2027
48 20 2028
48 21 2029
48 22 2030
48 23 2031
48 24 2032
48 25 2033
48 26 2034
48 27 2035
48 28 2036
48 29 2037
48 30 2038
48 31 2039
48 32 2040
48 33 2041
48 34 2042
48 35 2043
48 36 2044
48 37 2045
48 38 2046
48 39 2047
48 40 2048
48 41 2049
48 42 2050
48 43 2051
48 44 2052
48 45 2053
48 46 2054
48 47 2055
48 48 2056
48 49 2057
48 50 2058
48 51 2059
48 52 2060
48 53 2061
48 54 2062
48 55 2063
48 56 2064
48 57 2065
48 58 2066
48 59 2067
48 60 2068
48 61 2069
48 62 2070
48 63 2071
48 64 2072
48 65 2073
49 11 2074
49 12 2075
49 13 2076
49 14 2077
49 15 2078
49 16 2079
49 17 2080
49 18 2081
49 19 2082
49 20 2083
49 21 2084
49 22 2085
49 23 2086
49 24 2087
49 25 2088
49 26 2089
49 27 2090
49 28 2091
49 29 2092
49 30 2093
49 31 2094
49 32 2095
49 33 2096
49 34 2097
49 35 2098
49 36 2099
49 37 2100
49 38 2101
49 39 2102
49 40 2103
49 41 2104
49 42 2105
49 43 2106
49 44 2107
49 45 2108
49 46 2109
49 47 2110
49 48 2111
49 49 2112
49 50 2113
49 51 2114
49 52 2115
49 53 2116
49 54 2117
49 55 2118
49 56 2119
49 57 2120
49 58 2121
49 59 2122
49 60 2123
49 61 2124
49 62 2125
49 63 2126
49 64 2127
49 65 2128
49 66 2129
49 67 2130
50 11 2131
50 12 2132
50 13 2133
50 14 2134
50 15 2135
50 16 2136
50 17 2137
50 18 2138
50 19 2139
50 20 2140
50 21 2141
50 22 2142
50 23 2143
50 24 2144
50 25 2145
50 26 2146
50 27 2147
50 28 2148
50 29 2149
50 30 2150
50 31 2151
50 32 2152
50 33 2153
50 34 2154
50 35 2155
50 36 2156
50 37 2157
50 38 2158
50 39 2159
50 40 2160
50 41 2161
50 42 2162
50 43 2163
50 44 2164
50 45 2165
50 46 2166
50 47 2167
50 48 2168
50 49 2169
50 50 2170
50 51 2171
50 52 2172
50 53 2173
50 54 2174
50 55 2175
50 56 2176
50 57 2177
50 58 2178
50 59 2179
50 60 2180
50 61 2181
50 62 2182
50 63 2183
50 64 2184
50 65 2185
50 66 2186
50 67 2187
51 10 2188
51 11 2189
51 12 2190
51 13 2191
51 14 2192
51 15 2193
51 16 2194
51 17 2195
51 18 2196
51 19 2197
51 20 2198
51 21 2199
51 22 2200
51 23 2201
51 24 2202
51 25 2203
51 26 2204
51 27 2205
51 28 2206
51 29 2207
51 30 2208
51 31 2209
51 32 2210
51 33 2211
51 34 2212
51 35 2213
51 36 2214
51 37 2215
51 38 2216
51 39 2217
51 40 2218
51 41 2219
51 42 2220
51 43 2221
51 44 2222
51 45 2223
51 46 2224
51 47 2225
51 48 2226
51 49 2227
51 50 2228
51 51 2229
51 52 2230
51 53 2231
51 54 2232
51 55 2233
51 56 2234
51 57 2235
51 58 2236
51 59 2237
51 60 2238
51 61 2239
51 62 2240
51 63 2241
51 64 2242
51 65 2243
51 66 2244
51 67 2245
51 68 2246
52 10 2247
52 11 2248
52 12 2249
52 13 2250
52 14 2251
52 15 2252
52 16 2253
52 17 2254
52 18 2255
52 19 2256
52 20 2257
52 21 2258
52 22 2259
52 23 2260
52 24 2261
52 25 2262
52 26 2263
52 27 2264
52 28 2265
52 29 2266
52 30 2267
52 31 2268
52 32 2269
52 33 2270
52 34 2271
52 35 2272
52 36 2273
52 37 2274
52 38 2275
52 39 2276
52 40 2277
52 41 2278
52 42 2279
52 43 2280
52 44 2281
52 45 2282
52 46 2283
52 47 2284
52 48 2285
52 49 2286
52 50 2287
52 51 2288
52 52 2289
52 53 2290
52 54 2291
52 55 2292
52 56 2293
52 57 2294
52 58 2295
52 59 2296
52 60 2297
52 61 2298
52 62 2299
52 63 2300
52 64 2301
52 65 2302
52 66 2303
52 67 2304
52 68 2305
52 69 2306
53 10 2307
53 11 2308
53 12 2309
53 13 2310
53 14 2311
53 15 2312
53 16 2313
53 17 2314
53 18 2315
53 19 2316
53 20 2317
53 21 2318
53 22 2319
53 23 2320
53 24 2321
53 25 2322
53 26 2323
53 27 2324
53 28 2325
53 29 2326
53 30 2327
53 31 2328
53 32 2329
53 33 2330
53 34 2331
53 35 2332
53 36 2333
53 37 2334
53 38 2335
53 39 2336
53 40 2337
53 41 2338
53 42 2339
53 43 2340
53 44 2341
53 45 2342
53 46 2343
53 47 2344
53 48 2345
53 49 2346
53 50 2347
53 51 2348
53 52 2349
53 53 2350
53 54 2351
53 55 2352
53 56 2353
53 57 2354
53 58 2355
53 59 2356
53 60 2357
53 61 2358
53 62 2359
53 63 2360
53 64 2361
53 65 2362
53 66 2363
53 67 2364
53 68 2365
53 69 2366
54 10 2367
54 11 2368
54 12 2369
54 13 2370
54 14 2371
54 15 2372
54 16 2373
54 17 2374
54 18 2375
54 19 2376
54 20 2377
54 21 2378
54 22 2379
54 23 2380
54 24 2381
54 25 2382
54 26 2383
54 27 2384
54 28 2385
54 29 2386
54 30 2387
54 31 2388
54 32 2389
54 33 2390
54 34 2391
54 35 2392
54 36 2393
54 37 2394
54 38 2395
54 39 2396
54 40 2397
54 41 2398
54 42 2399
54 43 2400
54 44 2401
54 45 2402
54 46 2403
54 47 2404
54 48 2405
54 49 2406
54 50 2407
54 51 2408
54 52 2409
54 53 2410
54 54 2411
54 55 2412
54 56 2413
54 57 2414
54 58 2415
54 59 2416
54 60 2417
54 61 2418
54 62 2419
54 63 2420
54 64 2421
54 65 2422
54 66 2423
54 67 2424
54 68 2425
54 69 2426
55 9 2427
55 10 2428
55 11 2429
55 12 2430
55 13 2431
55 14 2432
55 15 2433
55 16 2434
55 17 2435
55 18 2436
55 19 2437
55 20 2438
55 21 2439
55 22 2440
55 23 2441
55 24 2442
55 25 2443
55 26 2444
55 27 2445
55 28 2446
55 29 2447
55 30 2448
55 31 2449
55 32 2450
55 33 2451
55 34 2452
55 35 2453
55 36 2454
55 37 2455
55 38 2456
55 39 2457
55 40 2458
55 41 2459
55 42 2460
55 43 2461
55 44 2462
55 45 2463
55 46 2464
55 47 2465
55 48 2466
55 49 2467
55 50 2468
55 51 2469
55 52 2470
55 53 2471
55 54 2472
55 55 2473
55 56 2474
55 57 2475
55 58 2476
55 59 2477
55 60 2478
55 61 2479
55 62 2480
55 63 2481
55 64 2482
55 65 2483
55 66 2484
55 67 2485
55 68 2486
55 69 2487
55 70 2488
56 9 2489
56 10 2490
56 11 2491
56 12 2492
56 13 2493
56 14 2494
56 15 2495
56 16 2496
56 17 2497
56 18 2498
56 19 2499
56 20 2500
56 21 2501
56 22 2502
56 23 2503
56 24 2504
56 25 2505
56 26 2506
56 27 2507
56 28 2508
56 29 2509
56 30 2510
56 31 2511
56 32 2512
56 33 2513
56 34 2514
56 35 2515
56 36 2516
56 37 2517
56 38 2518
56 39 2519
56 40 2520
56 41 2521
56 42 2522
56 43 2523
56 44 2524
56 45 2525
56 46 2526
56 47 2527
56 48 2528
56 49 2529
56 50 2530
56 51 2531
56 52 2532
56 53 2533
56 54 2534
56 55 2535
56 56 2536
56 57 2537
56 58 2538
56 59 2539
56 60 2540
56 61 2541
56 62 2542
56 63 2543
56 64 2544
56 65 2545
56 66 2546
56 67 2547
56 68 2548
56 69 2549
56 70 2550
57 10 2551
57 11 2552
57 12 2553
57 13 2554
57 14 2555
57 15 2556
57 16 2557
57 17 2558
57 18 2559
57 19 2560
57 20 2561
57 21 2562
57 22 2563
57 23 2564
57 24 2565
57 25 2566
57 26 2567
57 27 2568
57 28 2569
57 29 2570
57 30 2571
57 31 2572
57 32 2573
57 33 2574
57 34 2575
57 35 2576
57 36 2577
57 37 2578
57 38 2579
57 39 2580
57 40 2581
57 41 2582
57 42 2583
57 43 2584
57 44 2585
57 45 2586
57 46 2587
57 47 2588
57 48 2589
57 49 2590
57 50 2591
57 51 2592
57 52 2593
57 53 2594
57 54 2595
57 55 2596
57 56 2597
57 57 2598
57 58 2599
57 59 2600
57 60 2601
57 61 2602
57 62 2603
57 63 2604
57 64 2605
57 65 2606
57 66 2607
57 67 2608
57 68 2609
57 69 2610
57 70 2611
58 9 2612
58 10 2613
58 11 2614
58 12 2615
58 13 2616
58 14 2617
58 15 2618
58 16 2619
58 17 2620
58 18 2621
58 19 2622
58 20 2623
58 21 2624
58 22 2625
58 23 2626
58 24 2627
58 25 2628
58 26 2629
58 27 2630
58 28 2631
58 29 2632
58 30 2633
58 31 2634
58 32 2635
58 33 2636
58 34 2637
58 35 2638
58 36 2639
58 37 2640
58 38 2641
58 39 2642
58 40 2643
58 41 2644
58 42 2645
58 43 2646
58 44 2647
58 45 2648
58 46 2649
58 47 2650
58 48 2651
58 49 2652
58 50 2653
58 51 2654
58 52 2655
58 53 2656
58 54 2657
58 55 2658
58 56 2659
58 57 2660
58 58 2661
58 59 2662
58 60 2663
58 61 2664
58 62 2665
58 63 2666
58 64 2667
58 65 2668
58 66 2669
58 67 2670
58 68 2671
58 69 2672
58 70 2673
58 71 2674
58 72 2675
59 8 2676
59 9 2677
59 10 2678
59 11 2679
59 12 2680
59 13 2681
59 14 2682
59 15 2683
59 16 2684
59 17 2685
59 18 2686
59 19 2687
59 20 2688
59 21 2689
59 22 2690
59 23 2691
59 24 2692
59 25 2693
59 26 2694
59 27 2695
59 28 2696
59 29 2697
59 30 2698
59 31 2699
59 32 2700
59 33 2701
59 34 2702
59 35 2703
59 36 2704
59 37 2705
59 38 2706
59 39 2707
59 40 2708
59 41 2709
59 42 2710
59 43 2711
59 44 2712
59 45 2713
59 46 2714
59 47 2715
59 48 2716
59 49 2717
59 50 2718
59 51 2719
59 52 2720
59 53 2721
59 54 2722
59 55 2723
59 56 2724
59 57 2725
59 58 2726
59 59 2727
59 60 2728
59 61 2729
59 62 2730
59 63 2731
59 64 2732
59 65 2733
59 66 2734
59 67 2735
59 68 2736
59 69 2737
59 70 2738
59 71 2739
59 72 2740
60 7 2741
60 8 2742
60 9 2743
60 10 2744
60 11 2745
60 12 2746
60 13 2747
60 14 2748
60 15 2749
60 16 2750
60 17 2751
60 18 2752
60 19 2753
60 20 2754
60 21 2755
60 22 2756
60 23 2757
60 24 2758
60 25 2759
60 26 2760
60 27 2761
60 28 2762
60 29 2763
60 30 2764
60 31 2765
60 32 2766
60 33 2767
60 34 2768
60 35 2769
60 36 2770
60 37 2771
60 38 2772
60 39 2773
60 40 2774
60 41 2775
60 42 2776
60 43 2777
60 44 2778
60 45 2779
60 46 2780
60 47 2781
60 48 2782
60 49 2783
60 50 2784
60 51 2785
60 52 2786
60 53 2787
60 54 2788
60 55 2789
60 56 2790
60 57 2791
60 58 2792
60 59 2793
60 60 2794
60 61 2795
60 62 2796
60 63 2797
60 64 2798
60 65 2799
60 66 2800
60 67 2801
60 68 2802
60 69 2803
60 70 2804
60 71 2805
60 72 2806
61 7 2807
61 8 2808
61 9 2809
61 10 2810
61 11 2811
61 12 2812
61 13 2813
61 14 2814
61 15 2815
61 16 2816
61 17 2817
61 18 2818
61 19 2819
61 20 2820
61 21 2821
61 22 2822
61 23 2823
61 24 2824
61 25 2825
61 26 2826
61 27 2827
61 28 2828
61 29 2829
61 30 2830
61 31 2831
61 32 2832
61 33 2833
61 34 2834
61 35 2835
61 36 2836
61 37 2837
61 38 2838
61 39 2839
61 40 2840
61 41 2841
61 42 2842
61 43 2843
61 44 2844
61 45 2845
61 46 2846
61 47 2847
61 48 2848
61 49 2849
61 50 2850
61 51 2851
61 52 2852
61 53 2853
61 54 2854
61 55 2855
61 56 2856
61 57 2857
61 58 2858
61 59 2859
61 60 2860
61 61 2861
61 62 2862
61 63 2863
61 64 2864
61 65 2865
61 66 2866
61 67 2867
61 68 2868
61 69 2869
61 70 2870
61 71 2871
61 72 2872
62 7 2873
62 8 2874
62 9 2875
62 10 2876
62 11 2877
62 12 2878
62 13 2879
62 14 2880
62 15 2881
62 16 2882
62 17 2883
62 18 2884
62 19 2885
62 20 2886
62 21 2887
62 22 2888
62 23 2889
62 24 2890
62 25 2891
62 26 2892
62 27 2893
62 28 2894
62 29 2895
62 30 2896
62 31 2897
62 32 2898
62 33 2899
62 34 2900
62 35 2901
62 36 2902
62 37 2903
62 38 2904
62 39 2905
62 40 2906
62 41 2907
62 42 2908
62 43 2909
62 44 2910
62 45 2911
62 46 2912
62 47 2913
62 48 2914
62 49 2915
62 50 2916
62 51 2917
62 52 2918
62 53 2919
62 54 2920
62 55 2921
62 56 2922
62 57 2923
62 58 2924
62 59 2925
62 60 2926
62 61 2927
62 62 2928
62 63 2929
62 64 2930
62 65 2931
62 66 2932
62 67 2933
62 68 2934
62 69 2935
62 70 2936
63 8 2937
63 9 2938
63 10 2939
63 11 2940
63 12 2941
63 13 2942
63 14 2943
63 15 2944
63 16 2945
63 17 2946
63 18 2947
63 19 2948
63 20 2949
63 21 2950
63 22 2951
63 23 2952
63 24 2953
63 25 2954
63 26 2955
63 27 2956
63 28 2957
63 29 2958
63 30 2959
63 31 2960
63 32 2961
63 33 2962
63 34 2963
63 35 2964
63 36 2965
63 37 2966
63 38 2967
63 39 2968
63 40 2969
63 41 2970
63 42 2971
63 43 2972
63 44 2973
63 45 2974
63 46 2975
63 47 2976
63 48 2977
63 49 2978
63 50 2979
63 51 2980
63 52 2981
63 53 2982
63 54 2983
63 55 2984
63 56 2985
63 57 2986
63 58 2987
63 59 2988
63 60 2989
63 61 2990
63 62 2991
63 63 2992
63 64 2993
63 67 2994
63 68 2995
63 69 2996
64 10 2997
64 11 2998
64 12 2999
64 13 3000
64 14 3001
64 15 3002
64 16 3003
64 17 3004
64 18 3005
64 19 3006
64 20 3007
64 21 3008
64 22 3009
64 23 3010
64 24 3011
64 25 3012
64 26 3013
64 27 3014
64 28 3015
64 29 3016
64 30 3017
64 31 3018
64 32 3019
64 33 3020
64 34 3021
64 35 3022
64 36 3023
64 37 3024
64 38 3025
64 39 3026
64 40 3027
64 41 3028
64 42 3029
64 43 3030
64 44 3031
64 45 3032
64 46 3033
64 47 3034
64 48 3035
64 49 3036
64 50 3037
64 51 3038
64 52 3039
64 53 3040
64 54 3041
64 55 3042
64 56 3043
64 57 3044
64 58 3045
64 59 3046
64 60 3047
64 61 3048
64 62 3049
64 63 3050
64 64 3051
64 65 3052
64 66 3053
65 10 3054
65 11 3055
65 12 3056
65 13 3057
65 14 3058
65 15 3059
65 16 3060
65 17 3061
65 18 3062
65 19 3063
65 20 3064
65 21 3065
65 22 3066
65 23 3067
65 24 3068
65 25 3069
65 26 3070
65 27 3071
65 28 3072
65 29 3073
65 30 3074
65 31 3075
65 32 3076
65 33 3077
65 34 3078
65 35 3079
65 36 3080
65 37 3081
65 38 3082
65 39 3083
65 40 3084
65 41 3085
65 42 3086
65 43 3087
65 44 3088
65 45 3089
65 46 3090
65 47 3091
65 48 3092
65 49 3093
65 50 3094
65 51 3095
65 52 3096
65 53 3097
65 54 3098
65 55 3099
65 56 3100
65 57 3101
65 58 3102
65 59 3103
65 60 3104
65 61 3105
65 62 3106
65 63 3107
65 64 3108
65 65 3109
65 66 3110
65 67 3111
65 68 3112
65 69 3113
65 70 3114
66 10 3115
66 11 3116
66 12 3117
66 13 3118
66 14 3119
66 15 3120
66 16 3121
66 17 3122
66 18 3123
66 19 3124
66 20 3125
66 21 3126
66 22 3127
66 23 3128
66 24 3129
66 25 3130
66 26 3131
66 27 3132
66 28 3133
66 29 3134
66 30 3135
66 31 3136
66 32 3137
66 33 3138
66 34 3139
66 35 3140
66 36 3141
66 37 3142
66 38 3143
66 39 3144
66 40 3145
66 41 3146
66 42 3147
66 43 3148
66 44 3149
66 45 3150
66 46 3151
66 47 3152
66 48 3153
66 49 3154
66 50 3155
66 51 3156
66 52 3157
66 53 3158
66 54 3159
66 55 3160
66 56 3161
66 57 3162
66 58 3163
66 59 3164
66 60 3165
66 61 3166
66 62 3167
66 63 3168
66 64 3169
66 65 3170
66 66 3171
66 67 3172
66 68 3173
66 69 3174
66 70 3175
66 71 3176
66 72 3177
67 10 3178
67 11 3179
67 12 3180
67 13 3181
67 14 3182
67 15 3183
67 16 3184
67 17 3185
67 18 3186
67 19 3187
67 20 3188
67 21 3189
67 22 3190
67 23 3191
67 24 3192
67 25 3193
67 26 3194
67 27 3195
67 28 3196
67 29 3197
67 30 3198
67 31 3199
67 32 3200
67 33 3201
67 34 3202
67 35 3203
67 36 3204
67 37 3205
67 38 3206
67 39 3207
67 40 3208
67 41 3209
67 42 3210
67 43 3211
67 44 3212
67 45 3213
67 46 3214
67 47 3215
67 48 3216
67 49 3217
67 50 3218
67 51 3219
67 52 3220
67 53 3221
67 54 3222
67 55 3223
67 56 3224
67 57 3225
67 58 3226
67 59 3227
67 60 3228
67 61 3229
67 62 3230
67 63 3231
67 64 3232
67 65 3233
67 66 3234
67 67 3235
67 68 3236
67 69 3237
67 70 3238
67 71 3239
67 72 3240
67 73 3241
68 10 3242
68 11 3243
68 12 3244
68 13 3245
68 14 3246
68 15 3247
68 16 3248
68 17 3249
68 18 3250
68 19 3251
68 20 3252
68 21 3253
68 22 3254
68 23 3255
68 24 3256
68 25 3257
68 26 3258
68 27 3259
68 28 3260
68 29 3261
68 30 3262
68 31 3263
68 32 3264
68 33 3265
68 34 3266
68 35 3267
68 36 3268
68 37 3269
68 38 3270
68 39 3271
68 40 3272
68 41 3273
68 42 3274
68 43 3275
68 44 3276
68 45 3277
68 46 3278
68 47 3279
68 48 3280
68 49 3281
68 50 3282
68 51 3283
68 52 3284
68 53 3285
68 54 3286
68 55 3287
68 56 3288
68 57 3289
68 58 3290
68 59 3291
68 60 3292
68 61 3293
68 62 3294
68 63 3295
68 64 3296
68 65 3297
68 66 3298
68 67 3299
68 68 3300
68 69 3301
68 70 3302
68 71 3303
68 72 3304
68 73 3305
68 74 3306
69 9 3307
69 10 3308
69 11 3309
69 12 3310
69 13 3311
69 14 3312
69 15 3313
69 16 3314
69 17 3315
69 18 3316
69 19 3317
69 20 3318
69 21 3319
69 22 3320
69 23 3321
69 24 3322
69 25 3323
69 26 3324
69 27 3325
69 28 3326
69 29 3327
69 30 3328
69 31 3329
69 32 3330
69 33 3331
69 34 3332
69 35 3333
69 36 3334
69 37 3335
69 38 3336
69 39 3337
69 40 3338
69 41 3339
69 42 3340
69 43 3341
69 44 3342
69 45 3343
69 46 3344
69 47 3345
69 48 3346
69 49 3347
69 50 3348
69 51 3349
69 52 3350
69 53 3351
69 54 3352
69 55 3353
69 56 3354
69 57 3355
69 58 3356
69 59 3357
69 60 3358
69 61 3359
69 62 3360
69 63 3361
69 64 3362
69 65 3363
69 66 3364
69 67 3365
69 68 3366
69 69 3367
69 70 3368
69 71 3369
69 72 3370
69 73 3371
69 74 3372
70 8 3373
70 9 3374
70 10 3375
70 11 3376
70 12 3377
70 13 3378
70 14 3379
70 15 3380
70 16 3381
70 17 3382
70 18 3383
70 19 3384
70 20 3385
70 21 3386
70 22 3387
70 23 3388
70 24 3389
70 25 3390
70 26 3391
70 27 3392
70 28 3393
70 29 3394
70 30 3395
70 31 3396
70 32 3397
70 33 3398
70 34 3399
70 35 3400
70 36 3401
70 37 3402
70 38 3403
70 39 3404
70 40 3405
70 41 3406
70 42 3407
70 43 3408
70 44 3409
70 45 3410
70 46 3411
70 47 3412
70 48 3413
70 49 3414
70 50 3415
70 51 3416
70 52 3417
70 53 3418
70 54 3419
70 55 3420
70 56 3421
70 57 3422
70 58 3423
70 59 3424
70 60 3425
70 61 3426
70 62 3427
70 63 3428
70 64 3429
70 65 3430
70 66 3431
70 67 3432
70 68 3433
70 69 3434
70 70 3435
70 71 3436
70 72 3437
70 73 3438
70 74 3439
70 75 3440
71 8 3441
71 9 3442
71 10 3443
71 11 3444
71 12 3445
71 13 3446
71 14 3447
71 15 3448
71 16 3449
71 17 3450
71 18 3451
71 19 3452
71 20 3453
71 21 3454
71 22 3455
71 23 3456
71 24 3457
71 25 3458
71 26 3459
71 27 3460
71 28 3461
71 29 3462
71 30 3463
71 31 3464
71 32 3465
71 33 3466
71 34 3467
71 35 3468
71 36 3469
71 37 3470
71 38 3471
71 39 3472
71 40 3473
71 41 3474
71 42 3475
71 43 3476
71 44 3477
71 45 3478
71 46 3479
71 47 3480
71 48 3481
71 49 3482
71 50 3483
71 51 3484
71 52 3485
71 53 3486
71 54 3487
71 55 3488
71 56 3489
71 57 3490
71 58 3491
71 59 3492
71 60 3493
71 61 3494
71 62 3495
71 63 3496
71 64 3497
71 65 3498
71 66 3499
71 67 3500
71 68 3501
71 69 3502
71 70 3503
71 71 3504
71 72 3505
71 73 3506
71 74 3507
71 75 3508
72 7 3509
72 8 3510
72 9 3511
72 10 3512
72 11 3513
72 12 3514
72 13 3515
72 14 3516
72 15 3517
72 16 3518
72 17 3519
72 18 3520
72 19 3521
72 20 3522
72 21 3523
72 22 3524
72 23 3525
72 24 3526
72 25 3527
72 26 3528
72 27 3529
72 28 3530
72 29 3531
72 30 3532
72 31 3533
72 32 3534
72 33 3535
72 34 3536
72 35 3537
72 36 3538
72 37 3539
72 38 3540
72 39 3541
72 40 3542
72 41 3543
72 42 3544
72 43 3545
72 44 3546
72 45 3547
72 46 3548
72 47 3549
72 48 3550
72 49 3551
72 50 3552
72 51 3553
72 52 3554
72 53 3555
72 54 3556
72 55 3557
72 56 3558
72 57 3559
72 58 3560
72 59 3561
72 60 3562
72 61 3563
72 62 3564
72 63 3565
72 64 3566
72 65 3567
72 66 3568
72 67 3569
72 68 3570
72 69 3571
72 70 3572
72 71 3573
72 72 3574
72 73 3575
72 74 3576
72 75 3577
72 76 3578
73 7 3579
73 8 3580
73 9 3581
73 10 3582
73 11 3583
73 12 3584
73 13 3585
73 14 3586
73 15 3587
73 16 3588
73 17 3589
73 18 3590
73 19 3591
73 20 3592
73 21 3593
73 22 3594
73 23 3595
73 24 3596
73 25 3597
73 26 3598
73 27 3599
73 28 3600
73 29 3601
73 30 3602
73 31 3603
73 32 3604
73 33 3605
73 34 3606
73 35 3607
73 36 3608
73 37 3609
73 38 3610
73 39 3611
73 40 3612
73 41 3613
73 42 3614
73 43 3615
73 44 3616
73 45 3617
73 46 3618
73 47 3619
73 48 3620
73 49 3621
73 50 3622
73 51 3623
73 52 3624
73 53 3625
73 54 3626
73 55 3627
73 56 3628
73 57 3629
73 58 3630
73 59 3631
73 60 3632
73 61 3633
73 62 3634
73 63 3635
73 64 3636
73 65 3637
73 66 3638
73 67 3639
73 68 3640
73 69 3641
73 70 3642
73 71 3643
73 72 3644
73 73 3645
73 74 3646
73 75 3647
73 76 3648
74 7 3649
74 8 3650
74 9 3651
74 10 3652
74 11 3653
74 12 3654
74 13 3655
74 14 3656
74 15 3657
74 16 3658
74 17 3659
74 18 3660
74 19 3661
74 20 3662
74 21 3663
74 22 3664
74 23 3665
74 24 3666
74 25 3667
74 26 3668
74 27 3669
74 28 3670
74 29 3671
74 30 3672
74 31 3673
74 32 3674
74 33 3675
74 34 3676
74 35 3677
74 36 3678
74 37 3679
74 38 3680
74 39 3681
74 40 3682
74 41 3683
74 42 3684
74 43 3685
74 44 3686
74 45 3687
74 46 3688
74 47 3689
74 48 3690
74 49 3691
74 50 3692
74 51 3693
74 52 3694
74 53 3695
74 54 3696
74 55 3697
74 56 3698
74 57 3699
74 58 3700
74 59 3701
74 60 3702
74 61 3703
74 62 3704
74 63 3705
74 64 3706
74 65 3707
74 66 3708
74 67 3709
74 68 3710
74 69 3711
74 70 3712
74 71 3713
74 72 3714
74 73 3715
74 74 3716
74 75 3717
74 76 3718
74 77 3719
75 7 3720
75 8 3721
75 9 3722
75 10 3723
75 11 3724
75 12 3725
75 13 3726
75 14 3727
75 15 3728
75 16 3729
75 17 3730
75 18 3731
75 19 3732
75 20 3733
75 21 3734
75 22 3735
75 23 3736
75 24 3737
75 25 3738
75 26 3739
75 27 3740
75 28 3741
75 29 3742
75 30 3743
75 31 3744
75 32 3745
75 33 3746
75 34 3747
75 35 3748
75 36 3749
75 37 3750
75 38 3751
75 39 3752
75 40 3753
75 41 3754
75 42 3755
75 43 3756
75 44 3757
75 45 3758
75 46 3759
75 47 3760
75 48 3761
75 49 3762
75 50 3763
75 51 3764
75 52 3765
75 53 3766
75 54 3767
75 55 3768
75 56 3769
75 57 3770
75 58 3771
75 59 3772
75 60 3773
75 61 3774
75 62 3775
75 63 3776
75 64 3777
75 65 3778
75 66 3779
75 67 3780
75 68 3781
75 69 3782
75 70 3783
75 71 3784
75 72 3785
75 73 3786
75 74 3787
75 75 3788
75 76 3789
75 77 3790
75 78 3791
76 6 3792
76 7 3793
76 8 3794
76 9 3795
76 10 3796
76 11 3797
76 12 3798
76 13 3799
76 14 3800
76 15 3801
76 16 3802
76 17 3803
76 18 3804
76 19 3805
76 20 3806
76 21 3807
76 22 3808
76 23 3809
76 24 3810
76 25 3811
76 26 3812
76 27 3813
76 28 3814
76 29 3815
76 30 3816
76 31 3817
76 32 3818
76 33 3819
76 34 3820
76 35 3821
76 36 3822
76 37 3823
76 38 3824
76 39 3825
76 40 3826
76 41 3827
76 42 3828
76 43 3829
76 44 3830
76 45 3831
76 46 3832
76 47 3833
76 48 3834
76 49 3835
76 50 3836
76 51 3837
76 52 3838
76 53 3839
76 54 3840
76 55 3841
76 56 3842
76 57 3843
76 58 3844
76 59 3845
76 60 3846
76 61 3847
76 62 3848
76 63 3849
76 64 3850
76 65 3851
76 66 3852
76 67 3853
76 68 3854
76 69 3855
76 70 3856
76 71 3857
76 72 3858
76 73 3859
76 74 3860
76 75 3861
76 76 3862
76 77 3863
76 78 3864
77 6 3865
77 7 3866
77 8 3867
77 9 3868
77 10 3869
77 11 3870
77 12 3871
77 13 3872
77 14 3873
77 15 3874
77 16 3875
77 17 3876
77 18 3877
77 19 3878
77 20 3879
77 21 3880
77 22 3881
77 23 3882
77 24 3883
77 25 3884
77 26 3885
77 27 3886
77 28 3887
77 29 3888
77 30 3889
77 31 3890
77 32 3891
77 33 3892
77 34 3893
77 35 3894
77 36 3895
77 37 3896
77 38 3897
77 39 3898
77 40 3899
77 41 3900
77 42 3901
77 43 3902
77 44 3903
77 45 3904
77 46 3905
77 47 3906
77 48 3907
77 49 3908
77 50 3909
77 51 3910
77 52 3911
77 53 3912
77 54 3913
77 55 3914
77 56 3915
77 57 3916
77 58 3917
77 59 3918
77 60 3919
77 61 3920
77 62 3921
77 63 3922
77 64 3923
77 65 3924
77 66 3925
77 67 3926
77 68 3927
77 69 3928
77 70 3929
77 71 3930
77 72 3931
77 73 3932
77 74 3933
77 75 3934
77 76 3935
77 77 3936
77 78 3937
78 5 3938
78 6 3939
78 7 3940
78 8 3941
78 9 3942
78 10 3943
78 11 3944
78 12 3945
78 13 3946
78 14 3947
78 15 3948
78 16 3949
78 17 3950
78 18 3951
78 19 3952
78 20 3953
78 21 3954
78 22 3955
78 23 3956
78 24 3957
78 25 3958
78 26 3959
78 27 3960
78 28 3961
78 29 3962
78 30 3963
78 31 3964
78 32 3965
78 33 3966
78 34 3967
78 35 3968
78 36 3969
78 37 3970
78 38 3971
78 39 3972
78 40 3973
78 41 3974
78 42 3975
78 43 3976
78 44 3977
78 45 3978
78 46 3979
78 47 3980
78 48 3981
78 49 3982
78 50 3983
78 51 3984
78 52 3985
78 53 3986
78 54 3987
78 55 3988
78 56 3989
78 57 3990
78 58 3991
78 59 3992
78 60 3993
78 61 3994
78 62 3995
78 63 3996
78 64 3997
78 65 3998
78 66 3999
78 67 4000
78 68 4001
78 69 4002
78 70 4003
78 71 4004
78 72 4005
78 73 4006
78 74 4007
78 75 4008
78 76 4009
78 77 4010
78 78 4011
79 5 4012
79 6 4013
79 7 4014
79 8 4015
79 9 4016
79 10 4017
79 11 4018
79 12 4019
79 13 4020
79 14 4021
79 15 4022
79 16 4023
79 17 4024
79 18 4025
79 19 4026
79 20 4027
79 21 4028
79 22 4029
79 23 4030
79 24 4031
79 25 4032
79 26 4033
79 27 4034
79 28 4035
79 29 4036
79 30 4037
79 31 4038
79 32 4039
79 33 4040
79 34 4041
79 35 4042
79 36 4043
79 37 4044
79 38 4045
79 39 4046
79 40 4047
79 41 4048
79 42 4049
79 43 4050
79 44 4051
79 45 4052
79 46 4053
79 47 4054
79 48 4055
79 49 4056
79 50 4057
79 51 4058
79 52 4059
79 53 4060
79 54 4061
79 55 4062
79 56 4063
79 57 4064
79 58 4065
79 59 4066
79 60 4067
79 61 4068
79 62 4069
79 63 4070
79 64 4071
79 65 4072
79 66 4073
79 67 4074
79 68 4075
79 69 4076
79 70 4077
79 71 4078
79 72 4079
79 73 4080
79 74 4081
79 75 4082
79 77 4083
80 5 4084
80 6 4085
80 7 4086
80 8 4087
80 9 4088
80 10 4089
80 11 4090
80 12 4091
80 13 4092
80 14 4093
80 15 4094
80 16 4095
80 17 4096
80 18 4097
80 19 4098
80 20 4099
80 21 4100
80 22 4101
80 23 4102
80 24 4103
80 25 4104
80 26 4105
80 27 4106
80 28 4107
80 29 4108
80 30 4109
80 31 4110
80 32 4111
80 33 4112
80 34 4113
80 35 4114
80 36 4115
80 37 4116
80 38 4117
80 39 4118
80 40 4119
80 41 4120
80 42 4121
80 43 4122
80 44 4123
80 45 4124
80 46 4125
80 47 4126
80 48 4127
80 49 4128
80 50 4129
80 51 4130
80 52 4131
80 53 4132
80 54 4133
80 55 4134
80 56 4135
80 57 4136
80 58 4137
80 59 4138
80 60 4139
80 61 4140
80 62 4141
80 63 4142
80 64 4143
80 65 4144
80 66 4145
80 67 4146
80 68 4147
80 69 4148
80 70 4149
80 71 4150
80 72 4151
80 73 4152
80 74 4153
80 75 4154
80 76 4155
81 5 4156
81 6 4157
81 7 4158
81 8 4159
81 9 4160
81 10 4161
81 11 4162
81 12 4163
81 13 4164
81 14 4165
81 15 4166
81 16 4167
81 17 4168
81 18 4169
81 19 4170
81 20 4171
81 21 4172
81 22 4173
81 23 4174
81 24 4175
81 25 4176
81 26 4177
81 27 4178
81 28 4179
81 29 4180
81 30 4181
81 31 4182
81 32 4183
81 33 4184
81 34 4185
81 35 4186
81 36 4187
81 37 4188
81 38 4189
81 39 4190
81 40 4191
81 41 4192
81 42 4193
81 43 4194
81 44 4195
81 45 4196
81 46 4197
81 47 4198
81 48 4199
81 49 4200
81 50 4201
81 51 4202
81 52 4203
81 53 4204
81 54 4205
81 55 4206
81 56 4207
81 57 4208
81 58 4209
81 59 4210
81 60 4211
81 61 4212
81 62 4213
81 63 4214
81 64 4215
81 65 4216
81 66 4217
81 67 4218
81 68 4219
81 69 4220
81 70 4221
81 71 4222
81 72 4223
81 73 4224
81 74 4225
81 75 4226
81 76 4227
81 77 4228
81 78 4229
82 5 4230
82 6 4231
82 7 4232
82 8 4233
82 9 4234
82 10 4235
82 11 4236
82 12 4237
82 13 4238
82 14 4239
82 15 4240
82 16 4241
82 17 4242
82 18 4243
82 19 4244
82 20 4245
82 21 4246
82 22 4247
82 23 4248
82 24 4249
82 25 4250
82 26 4251
82 27 4252
82 28 4253
82 29 4254
82 30 4255
82 31 4256
82 32 4257
82 33 4258
82 34 4259
82 35 4260
82 36 4261
82 37 4262
82 38 4263
82 39 4264
82 40 4265
82 41 4266
82 42 4267
82 43 4268
82 44 4269
82 45 4270
82 46 4271
82 47 4272
82 48 4273
82 49 4274
82 50 4275
82 51 4276
82 52 4277
82 53 4278
82 54 4279
82 55 4280
82 56 4281
82 57 4282
82 58 4283
82 59 4284
82 60 4285
82 61 4286
82 62 4287
82 63 4288
82 64 4289
82 65 4290
82 66 4291
82 67 4292
82 68 4293
82 69 4294
82 70 4295
82 71 4296
82 72 4297
82 73 4298
82 74 4299
82 75 4300
82 76 4301
82 77 4302
82 78 4303
82 79 4304
83 5 4305
83 6 4306
83 7 4307
83 8 4308
83 9 4309
83 10 4310
83 11 4311
83 12 4312
83 13 4313
83 14 4314
83 15 4315
83 16 4316
83 17 4317
83 18 4318
83 19 4319
83 20 4320
83 21 4321
83 22 4322
83 23 4323
83 24 4324
83 25 4325
83 26 4326
83 27 4327
83 28 4328
83 29 4329
83 30 4330
83 31 4331
83 32 4332
83 33 4333
83 34 4334
83 35 4335
83 36 4336
83 37 4337
83 38 4338
83 39 4339
83 40 4340
83 41 4341
83 42 4342
83 43 4343
83 44 4344
83 45 4345
83 46 4346
83 47 4347
83 48 4348
83 49 4349
83 50 4350
83 51 4351
83 52 4352
83 53 4353
83 54 4354
83 55 4355
83 56 4356
83 57 4357
83 58 4358
83 59 4359
83 60 4360
83 61 4361
83 62 4362
83 63 4363
83 64 4364
83 65 4365
83 66 4366
83 67 4367
83 68 4368
83 69 4369
83 70 4370
83 71 4371
83 72 4372
83 73 4373
83 74 4374
83 75 4375
83 76 4376
83 77 4377
83 78 4378
83 79 4379
83 80 4380
84 6 4381
84 7 4382
84 8 4383
84 9 4384
84 10 4385
84 11 4386
84 12 4387
84 13 4388
84 14 4389
84 15 4390
84 16 4391
84 17 4392
84 18 4393
84 19 4394
84 20 4395
84 21 4396
84 22 4397
84 23 4398
84 24 4399
84 25 4400
84 26 4401
84 27 4402
84 28 4403
84 29 4404
84 30 4405
84 31 4406
84 32 4407
84 33 4408
84 34 4409
84 35 4410
84 36 4411
84 37 4412
84 38 4413
84 39 4414
84 40 4415
84 41 4416
84 42 4417
84 43 4418
84 44 4419
84 45 4420
84 46 4421
84 47 4422
84 48 4423
84 49 4424
84 50 4425
84 51 4426
84 52 4427
84 53 4428
84 54 4429
84 55 4430
84 56 4431
84 57 4432
84 58 4433
84 59 4434
84 60 4435
84 61 4436
84 62 4437
84 63 4438
84 64 4439
84 65 4440
84 66 4441
84 67 4442
84 68 4443
84 69 4444
84 70 4445
84 71 4446
84 72 4447
84 73 4448
84 74 4449
84 75 4450
84 76 4451
84 77 4452
84 78 4453
84 79 4454
84 80 4455
84 81 4456
84 82 4457
85 6 4458
85 7 4459
85 8 4460
85 9 4461
85 10 4462
85 11 4463
85 12 4464
85 13 4465
85 14 4466
85 15 4467
85 16 4468
85 17 4469
85 18 4470
85 19 4471
85 20 4472
85 21 4473
85 22 4474
85 23 4475
85 24 4476
85 25 4477
85 26 4478
85 27 4479
85 28 4480
85 29 4481
85 30 4482
85 31 4483
85 32 4484
85 33 4485
85 34 4486
85 35 4487
85 36 4488
85 37 4489
85 38 4490
85 39 4491
85 40 4492
85 41 4493
85 42 4494
85 43 4495
85 44 4496
85 45 4497
85 46 4498
85 47 4499
85 48 4500
85 49 4501
85 50 4502
85 51 4503
85 52 4504
85 53 4505
85 54 4506
85 55 4507
85 56 4508
85 57 4509
85 58 4510
85 59 4511
85 60 4512
85 61 4513
85 62 4514
85 63 4515
85 64 4516
85 65 4517
85 66 4518
85 67 4519
85 68 4520
85 69 4521
85 70 4522
85 71 4523
85 72 4524
85 73 4525
85 74 4526
85 75 4527
85 76 4528
85 77 4529
85 78 4530
85 79 4531
85 80 4532
85 81 4533
85 82 4534
85 83 4535
86 7 4536
86 8 4537
86 9 4538
86 10 4539
86 11 4540
86 12 4541
86 13 4542
86 14 4543
86 15 4544
86 16 4545
86 17 4546
86 18 4547
86 19 4548
86 20 4549
86 21 4550
86 22 4551
86 23 4552
86 24 4553
86 25 4554
86 26 4555
86 27 4556
86 28 4557
86 29 4558
86 30 4559
86 31 4560
86 32 4561
86 33 4562
86 34 4563
86 35 4564
86 36 4565
86 37 4566
86 38 4567
86 39 4568
86 40 4569
86 41 4570
86 42 4571
86 43 4572
86 44 4573
86 45 4574
86 46 4575
86 47 4576
86 48 4577
86 49 4578
86 50 4579
86 51 4580
86 52 4581
86 53 4582
86 54 4583
86 55 4584
86 56 4585
86 57 4586
86 58 4587
86 59 4588
86 60 4589
86 61 4590
86 62 4591
86 63 4592
86 64 4593
86 65 4594
86 66 4595
86 67 4596
86 68 4597
86 69 4598
86 70 4599
86 71 4600
86 72 4601
86 73 4602
86 74 4603
86 75 4604
86 76 4605
86 77 4606
86 78 4607
86 79 4608
86 80 4609
86 81 4610
86 82 4611
86 83 4612
86 84 4613
86 85 4614
87 7 4615
87 8 4616
87 9 4617
87 10 4618
87 11 4619
87 12 4620
87 13 4621
87 14 4622
87 15 4623
87 16 4624
87 17 4625
87 18 4626
87 19 4627
87 20 4628
87 21 4629
87 22 4630
87 23 4631
87 24 4632
87 25 4633
87 26 4634
87 27 4635
87 28 4636
87 29 4637
87 30 4638
87 31 4639
87 32 4640
87 33 4641
87 34 4642
87 35 4643
87 36 4644
87 37 4645
87 38 4646
87 39 4647
87 40 4648
87 41 4649
87 42 4650
87 43 4651
87 44 4652
87 45 4653
87 46 4654
87 47 4655
87 48 4656
87 49 4657
87 50 4658
87 51 4659
87 52 4660
87 53 4661
87 54 4662
87 55 4663
87 56 4664
87 57 4665
87 58 4666
87 59 4667
87 60 4668
87 61 4669
87 62 4670
87 63 4671
87 64 4672
87 65 4673
87 66 4674
87 67 4675
87 68 4676
87 69 4677
87 70 4678
87 71 4679
87 72 4680
87 73 4681
87 74 4682
87 75 4683
87 76 4684
87 77 4685
87 78 4686
87 79 4687
87 80 4688
87 81 4689
87 82 4690
87 83 4691
87 84 4692
87 85 4693
88 8 4694
88 9 4695
88 10 4696
88 11 4697
88 12 4698
88 13 4699
88 14 4700
88 15 4701
88 16 4702
88 17 4703
88 18 4704
88 19 4705
88 20 4706
88 21 4707
88 22 4708
88 23 4709
88 24 4710
88 25 4711
88 26 4712
88 27 4713
88 28 4714
88 29 4715
88 30 4716
88 31 4717
88 32 4718
88 33 4719
88 34 4720
88 35 4721
88 36 4722
88 37 4723
88 38 4724
88 39 4725
88 40 4726
88 41 4727
88 42 4728
88 43 4729
88 44 4730
88 45 4731
88 46 4732
88 47 4733
88 48 4734
88 49 4735
88 50 4736
88 51 4737
88 52 4738
88 53 4739
88 54 4740
88 55 4741
88 56 4742
88 57 4743
88 58 4744
88 59 4745
88 60 4746
88 61 4747
88 62 4748
88 63 4749
88 64 4750
88 65 4751
88 66 4752
88 67 4753
88 68 4754
88 69 4755
88 70 4756
88 71 4757
88 72 4758
88 73 4759
88 74 4760
88 75 4761
88 76 4762
88 77 4763
88 78 4764
88 79 4765
88 80 4766
88 81 4767
88 82 4768
88 83 4769
88 84 4770
88 85 4771
89 9 4772
89 10 4773
89 11 4774
89 12 4775
89 13 4776
89 14 4777
89 15 4778
89 16 4779
89 17 4780
89 18 4781
89 19 4782
89 20 4783
89 21 4784
89 22 4785
89 23 4786
89 24 4787
89 25 4788
89 26 4789
89 27 4790
89 28 4791
89 29 4792
89 30 4793
89 31 4794
89 32 4795
89 33 4796
89 34 4797
89 35 4798
89 36 4799
89 37 4800
89 38 4801
89 39 4802
89 40 4803
89 41 4804
89 42 4805
89 43 4806
89 44 4807
89 45 4808
89 46 4809
89 47 4810
89 48 4811
89 49 4812
89 50 4813
89 51 4814
89 52 4815
89 53 4816
89 54 4817
89 55 4818
89 56 4819
89 57 4820
89 58 4821
89 59 4822
89 60 4823
89 61 4824
89 62 4825
89 63 4826
89 64 4827
89 65 4828
89 66 4829
89 67 4830
89 68 4831
89 69 4832
89 70 4833
89 71 4834
89 72 4835
89 73 4836
89 74 4837
89 75 4838
89 76 4839
89 77 4840
89 78 4841
89 79 4842
89 80 4843
89 81 4844
89 82 4845
89 83 4846
89 84 4847
89 85 4848
90 21 4849
90 22 4850
90 23 4851
90 24 4852
90 25 4853
90 26 4854
90 27 4855
90 28 4856
90 29 4857
90 30 4858
90 31 4859
90 32 4860
90 33 4861
90 34 4862
90 35 4863
90 36 4864
90 37 4865
90 38 4866
90 39 4867
90 40 4868
90 41 4869
90 42 4870
90 43 4871
90 44 4872
90 45 4873
90 46 4874
90 47 4875
90 48 4876
90 49 4877
90 50 4878
90 51 4879
90 52 4880
90 53 4881
90 54 4882
90 55 4883
90 56 4884
90 57 4885
90 58 4886
90 59 4887
90 60 4888
90 61 4889
90 62 4890
90 63 4891
90 64 4892
90 65 4893
90 66 4894
90 67 4895
90 68 4896
90 69 4897
90 70 4898
90 71 4899
90 72 4900
90 73 4901
90 74 4902
90 75 4903
90 76 4904
90 77 4905
90 78 4906
90 79 4907
90 80 4908
90 81 4909
90 82 4910
90 83 4911
90 84 4912
90 85 4913
91 22 4914
91 23 4915
91 24 4916
91 25 4917
91 26 4918
91 27 4919
91 28 4920
91 29 4921
91 30 4922
91 31 4923
91 32 4924
91 33 4925
91 34 4926
91 35 4927
91 36 4928
91 37 4929
91 38 4930
91 39 4931
91 40 4932
91 41 4933
91 42 4934
91 43 4935
91 44 4936
91 45 4937
91 46 4938
91 47 4939
91 48 4940
91 49 4941
91 50 4942
91 51 4943
91 52 4944
91 53 4945
91 54 4946
91 55 4947
91 56 4948
91 57 4949
91 58 4950
91 59 4951
91 60 4952
91 61 4953
91 62 4954
91 63 4955
91 64 4956
91 65 4957
91 66 4958
91 67 4959
91 68 4960
91 69 4961
91 70 4962
91 71 4963
91 72 4964
91 73 4965
91 74 4966
91 75 4967
91 76 4968
91 77 4969
91 78 4970
91 79 4971
91 80 4972
91 81 4973
91 82 4974
91 83 4975
91 84 4976
91 85 4977
92 22 4978
92 23 4979
92 24 4980
92 25 4981
92 26 4982
92 27 4983
92 28 4984
92 29 4985
92 30 4986
92 31 4987
92 32 4988
92 33 4989
92 34 4990
92 35 4991
92 36 4992
92 37 4993
92 38 4994
92 39 4995
92 40 4996
92 41 4997
92 42 4998
92 43 4999
92 44 5000
92 45 5001
92 46 5002
92 47 5003
92 48 5004
92 49 5005
92 50 5006
92 51 5007
92 52 5008
92 53 5009
92 54 5010
92 55 5011
92 56 5012
92 57 5013
92 58 5014
92 59 5015
92 60 5016
92 61 5017
92 62 5018
92 63 5019
92 64 5020
92 65 5021
92 66 5022
92 67 5023
92 68 5024
92 69 5025
92 70 5026
92 71 5027
92 72 5028
92 73 5029
92 74 5030
92 75 5031
92 76 5032
92 77 5033
92 78 5034
92 79 5035
92 80 5036
92 81 5037
92 82 5038
92 83 5039
92 84 5040
92 85 5041
93 23 5042
93 24 5043
93 25 5044
93 26 5045
93 27 5046
93 28 5047
93 29 5048
93 30 5049
93 31 5050
93 32 5051
93 33 5052
93 34 5053
93 35 5054
93 36 5055
93 37 5056
93 38 5057
93 39 5058
93 40 5059
93 41 5060
93 42 5061
93 43 5062
93 44 5063
93 45 5064
93 46 5065
93 47 5066
93 48 5067
93 49 5068
93 50 5069
93 51 5070
93 52 5071
93 53 5072
93 54 5073
93 55 5074
93 56 5075
93 57 5076
93 58 5077
93 59 5078
93 60 5079
93 61 5080
93 62 5081
93 63 5082
93 64 5083
93 65 5084
93 66 5085
93 67 5086
93 69 5087
93 70 5088
93 71 5089
93 72 5090
93 73 5091
93 74 5092
93 75 5093
93 76 5094
93 77 5095
93 78 5096
93 79 5097
93 80 5098
93 81 5099
93 82 5100
93 83 5101
93 84 5102
93 85 5103
94 23 5104
94 24 5105
94 25 5106
94 26 5107
94 27 5108
94 28 5109
94 29 5110
94 30 5111
94 31 5112
94 32 5113
94 33 5114
94 34 5115
94 35 5116
94 36 5117
94 37 5118
94 38 5119
94 39 5120
94 40 5121
94 41 5122
94 42 5123
94 43 5124
94 44 5125
94 45 5126
94 46 5127
94 47 5128
94 48 5129
94 49 5130
94 50 5131
94 51 5132
94 52 5133
94 53 5134
94 54 5135
94 55 5136
94 56 5137
94 57 5138
94 58 5139
94 59 5140
94 60 5141
94 61 5142
94 62 5143
94 63 5144
94 64 5145
94 65 5146
94 66 5147
94 68 5148
94 69 5149
94 70 5150
94 71 5151
94 72 5152
94 73 5153
94 74 5154
94 75 5155
94 76 5156
94 77 5157
94 78 5158
94 79 5159
94 80 5160
94 81 5161
94 82 5162
94 83 5163
94 84 5164
94 85 5165
94 86 5166
95 23 5167
95 24 5168
95 25 5169
95 26 5170
95 27 5171
95 28 5172
95 29 5173
95 30 5174
95 31 5175
95 32 5176
95 33 5177
95 34 5178
95 35 5179
95 36 5180
95 37 5181
95 38 5182
95 39 5183
95 40 5184
95 41 5185
95 42 5186
95 43 5187
95 44 5188
95 45 5189
95 46 5190
95 47 5191
95 48 5192
95 49 5193
95 50 5194
95 51 5195
95 52 5196
95 53 5197
95 54 5198
95 55 5199
95 56 5200
95 57 5201
95 58 5202
95 59 5203
95 60 5204
95 61 5205
95 62 5206
95 63 5207
95 67 5208
95 68 5209
95 69 5210
95 70 5211
95 71 5212
95 72 5213
95 73 5214
95 74 5215
95 75 5216
95 76 5217
95 77 5218
95 78 5219
95 79 5220
95 80 5221
95 81 5222
95 82 5223
95 83 5224
95 84 5225
95 85 5226
95 86 5227
96 25 5228
96 26 5229
96 27 5230
96 28 5231
96 29 5232
96 30 5233
96 31 5234
96 32 5235
96 33 5236
96 34 5237
96 35 5238
96 36 5239
96 37 5240
96 38 5241
96 39 5242
96 40 5243
96 41 5244
96 42 5245
96 43 5246
96 44 5247
96 45 5248
96 46 5249
96 47 5250
96 48 5251
96 49 5252
96 50 5253
96 51 5254
96 52 5255
96 53 5256
96 54 5257
96 55 5258
96 56 5259
96 57 5260
96 58 5261
96 59 5262
96 60 5263
96 61 5264
96 67 5265
96 68 5266
96 69 5267
96 70 5268
96 71 5269
96 72 5270
96 73 5271
96 74 5272
96 75 5273
96 76 5274
96 77 5275
96 78 5276
96 79 5277
96 80 5278
96 81 5279
96 82 5280
96 83 5281
96 84 5282
96 85 5283
96 86 5284
97 25 5285
97 26 5286
97 27 5287
97 28 5288
97 29 5289
97 30 5290
97 31 5291
97 32 5292
97 33 5293
97 34 5294
97 35 5295
97 36 5296
97 37 5297
97 38 5298
97 39 5299
97 40 5300
97 41 5301
97 42 5302
97 43 5303
97 44 5304
97 45 5305
97 46 5306
97 47 5307
97 48 5308
97 49 5309
97 50 5310
97 51 5311
97 52 5312
97 53 5313
97 54 5314
97 55 5315
97 56 5316
97 57 5317
97 58 5318
97 67 5319
97 68 5320
97 69 5321
97 70 5322
97 71 5323
97 72 5324
97 73 5325
97 74 5326
97 75 5327
97 76 5328
97 77 5329
97 78 5330
97 79 5331
97 80 5332
97 81 5333
97 82 5334
97 83 5335
97 84 5336
97 85 5337
97 86 5338
98 27 5339
98 28 5340
98 29 5341
98 30 5342
98 31 5343
98 32 5344
98 33 5345
98 34 5346
98 35 5347
98 36 5348
98 37 5349
98 38 5350
98 39 5351
98 40 5352
98 41 5353
98 42 5354
98 43 5355
98 44 5356
98 45 5357
98 46 5358
98 47 5359
98 48 5360
98 49 5361
98 50 5362
98 51 5363
98 52 5364
98 53 5365
98 54 5366
98 55 5367
98 56 5368
98 66 5369
98 67 5370
98 68 5371
98 69 5372
98 70 5373
98 71 5374
98 72 5375
98 73 5376
98 74 5377
98 75 5378
98 76 5379
98 77 5380
98 78 5381
98 79 5382
98 80 5383
98 81 5384
98 82 5385
98 83 5386
98 84 5387
98 85 5388
98 86 5389
98 87 5390
99 32 5391
99 33 5392
99 34 5393
99 35 5394
99 36 5395
99 37 5396
99 38 5397
99 39 5398
99 40 5399
99 41 5400
99 42 5401
99 43 5402
99 44 5403
99 45 5404
99 46 5405
99 47 5406
99 48 5407
99 49 5408
99 50 5409
99 51 5410
99 52 5411
99 53 5412
99 54 5413
99 55 5414
99 66 5415
99 67 5416
99 68 5417
99 69 5418
99 70 5419
99 71 5420
99 72 5421
99 73 5422
99 74 5423
99 75 5424
99 76 5425
99 77 5426
99 78 5427
99 79 5428
99 80 5429
99 81 5430
99 82 5431
99 83 5432
99 84 5433
99 85 5434
99 86 5435
99 87 5436
100 35 5437
100 36 5438
100 37 5439
100 38 5440
100 39 5441
100 40 5442
100 41 5443
100 42 5444
100 43 5445
100 44 5446
100 45 5447
100 46 5448
100 47 5449
100 48 5450
100 49 5451
100 50 5452
100 51 5453
100 52 5454
100 53 5455
100 54 5456
100 66 5457
100 67 5458
100 68 5459
100 69 5460
100 70 5461
100 71 5462
100 72 5463
100 73 5464
100 74 5465
100 75 5466
100 76 5467
100 77 5468
100 78 5469
100 79 5470
100 80 5471
100 81 5472
100 82 5473
100 83 5474
100 84 5475
100 85 5476
100 86 5477
101 38 5478
101 39 5479
101 40 5480
101 41 5481
101 42 5482
101 43 5483
101 44 5484
101 45 5485
101 46 5486
101 47 5487
101 48 5488
101 49 5489
101 50 5490
101 51 5491
101 52 5492
101 53 5493
101 54 5494
101 66 5495
101 67 5496
101 68 5497
101 69 5498
101 70 5499
101 71 5500
101 72 5501
101 73 5502
101 74 5503
101 75 5504
101 76 5505
101 77 5506
101 78 5507
101 79 5508
101 80 5509
101 81 5510
101 82 5511
101 83 5512
101 84 5513
101 85 5514
101 86 5515
102 39 5516
102 40 5517
102 41 5518
102 42 5519
102 43 5520
102 44 5521
102 45 5522
102 46 5523
102 47 5524
102 48 5525
102 49 5526
102 50 5527
102 51 5528
102 52 5529
102 53 5530
102 54 5531
102 66 5532
102 67 5533
102 68 5534
102 69 5535
102 70 5536
102 71 5537
102 72 5538
102 73 5539
102 74 5540
102 75 5541
102 76 5542
102 77 5543
102 78 5544
102 79 5545
102 80 5546
102 81 5547
102 82 5548
102 83 5549
102 84 5550
102 85 5551
102 86 5552
103 39 5553
103 40 5554
103 41 5555
103 42 5556
103 43 5557
103 44 5558
103 45 5559
103 46 5560
103 47 5561
103 48 5562
103 49 5563
103 50 5564
103 51 5565
103 52 5566
103 53 5567
103 54 5568
103 66 5569
103 67 5570
103 68 5571
103 69 5572
103 70 5573
103 71 5574
103 72 5575
103 73 5576
103 74 5577
103 75 5578
103 76 5579
103 77 5580
103 78 5581
103 79 5582
103 80 5583
103 81 5584
103 82 5585
103 83 5586
103 84 5587
103 85 5588
103 86 5589
103 87 5590
104 39 5591
104 40 5592
104 41 5593
104 42 5594
104 43 5595
104 44 5596
104 45 5597
104 46 5598
104 47 5599
104 48 5600
104 49 5601
104 50 5602
104 51 5603
104 52 5604
104 53 5605
104 54 5606
104 67 5607
104 68 5608
104 69 5609
104 70 5610
104 71 5611
104 72 5612
104 73 5613
104 74 5614
104 75 5615
104 76 5616
104 77 5617
104 78 5618
104 79 5619
104 80 5620
104 81 5621
104 82 5622
104 83 5623
104 84 5624
104 85 5625
104 86 5626
104 87 5627
105 39 5628
105 40 5629
105 41 5630
105 42 5631
105 43 5632
105 44 5633
105 45 5634
105 46 5635
105 47 5636
105 48 5637
105 49 5638
105 50 5639
105 51 5640
105 52 5641
105 53 5642
105 54 5643
105 68 5644
105 69 5645
105 70 5646
105 71 5647
105 72 5648
105 73 5649
105 74 5650
105 75 5651
105 76 5652
105 77 5653
105 78 5654
105 79 5655
105 80 5656
105 81 5657
105 82 5658
105 83 5659
105 85 5660
105 86 5661
105 87 5662
106 39 5663
106 40 5664
106 41 5665
106 42 5666
106 43 5667
106 44 5668
106 45 5669
106 46 5670
106 47 5671
106 48 5672
106 49 5673
106 50 5674
106 51 5675
106 52 5676
106 53 5677
106 54 5678
106 69 5679
106 70 5680
106 71 5681
106 72 5682
106 73 5683
106 74 5684
106 75 5685
106 76 5686
106 77 5687
106 78 5688
106 79 5689
106 80 5690
106 81 5691
106 82 5692
106 83 5693
106 84 5694
106 87 5695
107 39 5696
107 40 5697
107 41 5698
107 42 5699
107 43 5700
107 44 5701
107 45 5702
107 46 5703
107 47 5704
107 48 5705
107 49 5706
107 50 5707
107 51 5708
107 52 5709
107 53 5710
107 69 5711
107 70 5712
107 71 5713
107 72 5714
107 73 5715
107 74 5716
107 75 5717
107 76 5718
107 77 5719
107 78 5720
107 79 5721
107 80 5722
107 81 5723
107 82 5724
107 83 5725
107 84 5726
107 85 5727
108 42 5728
108 43 5729
108 44 5730
108 45 5731
108 46 5732
108 47 5733
108 48 5734
108 49 5735
108 50 5736
108 51 5737
108 52 5738
108 69 5739
108 70 5740
108 71 5741
108 72 5742
108 73 5743
108 74 5744
108 75 5745
108 76 5746
108 77 5747
108 78 5748
108 79 5749
108 80 5750
108 81 5751
108 82 5752
108 83 5753
108 84 5754
108 85 5755
108 86 5756
108 87 5757
109 43 5758
109 44 5759
109 45 5760
109 46 5761
109 47 5762
109 48 5763
109 49 5764
109 50 5765
109 51 5766
109 69 5767
109 70 5768
109 71 5769
109 72 5770
109 73 5771
109 74 5772
109 75 5773
109 76 5774
109 77 5775
109 78 5776
109 79 5777
109 80 5778
109 81 5779
109 82 5780
109 83 5781
109 84 5782
109 85 5783
109 86 5784
109 87 5785
109 88 5786
110 47 5787
110 48 5788
110 49 5789
110 50 5790
110 70 5791
110 71 5792
110 72 5793
110 73 5794
110 74 5795
110 75 5796
110 76 5797
110 77 5798
110 78 5799
110 79 5800
110 80 5801
110 81 5802
110 82 5803
110 83 5804
110 84 5805
110 85 5806
110 86 5807
110 87 5808
110 88 5809
111 49 5810
111 71 5811
111 72 5812
111 73 5813
111 74 5814
111 75 5815
111 76 5816
111 77 5817
111 78 5818
111 79 5819
111 80 5820
111 81 5821
111 82 5822
111 83 5823
111 84 5824
111 85 5825
111 86 5826
111 87 5827
111 88 5828
112 71 5829
112 72 5830
112 73 5831
112 74 5832
112 75 5833
112 76 5834
112 77 5835
112 78 5836
112 79 5837
112 80 5838
112 81 5839
112 82 5840
112 83 5841
112 84 5842
112 85 5843
112 86 5844
112 87 5845
112 88 5846
113 71 5847
113 72 5848
113 73 5849
113 74 5850
113 75 5851
113 76 5852
113 77 5853
113 78 5854
113 79 5855
113 80 5856
113 81 5857
113 82 5858
113 83 5859
113 84 5860
113 85 5861
113 86 5862
113 87 5863
113 88 5864
114 71 5865
114 72 5866
114 73 5867
114 74 5868
114 75 5869
114 76 5870
114 77 5871
114 78 5872
114 79 5873
114 80 5874
114 81 5875
114 82 5876
114 83 5877
114 84 5878
114 85 5879
114 86 5880
114 87 5881
114 88 5882
114 89 5883
115 74 5884
115 75 5885
115 76 5886
115 77 5887
115 78 5888
115 79 5889
115 80 5890
115 81 5891
115 82 5892
115 83 5893
115 84 5894
115 85 5895
115 86 5896
115 87 5897
115 88 5898
115 89 5899
116 76 5900
116 77 5901
116 78 5902
116 79 5903
116 80 5904
116 81 5905
116 82 5906
116 83 5907
116 84 5908
116 85 5909
116 86 5910
116 87 5911
116 88 5912
116 89 5913
117 77 5914
117 78 5915
117 79 5916
117 80 5917
117 81 5918
117 82 5919
117 83 5920
117 84 5921
117 85 5922
117 86 5923
117 87 5924
117 88 5925
118 77 5926
118 78 5927
118 79 5928
118 80 5929
118 81 5930
118 82 5931
118 83 5932
118 84 5933
118 85 5934
118 86 5935
118 87 5936
118 88 5937
119 76 5938
119 77 5939
119 78 5940
119 79 5941
119 80 5942
119 81 5943
119 82 5944
119 83 5945
119 84 5946
119 85 5947
119 86 5948
119 87 5949
120 76 5950
120 77 5951
120 78 5952
120 79 5953
120 80 5954
120 81 5955
120 82 5956
120 83 5957
120 84 5958
120 85 5959
120 86 5960
120 87 5961
120 88 5962
120 89 5963
121 77 5964
121 78 5965
121 79 5966
121 80 5967
121 81 5968
121 82 5969
121 83 5970
121 84 5971
121 85 5972
121 86 5973
121 87 5974
121 88 5975
121 89 5976
122 77 5977
122 78 5978
122 79 5979
122 80 5980
122 81 5981
122 82 5982
122 83 5983
122 84 5984
122 85 5985
122 86 5986
122 87 5987
122 88 5988
122 89 5989
123 77 5990
123 78 5991
123 79 5992
123 80 5993
123 81 5994
123 82 5995
123 83 5996
123 84 5997
123 85 5998
123 86 5999
123 87 6000
123 88 6001
123 89 6002
124 77 6003
124 78 6004
124 79 6005
124 80 6006
124 81 6007
124 82 6008
124 83 6009
124 84 6010
124 85 6011
124 86 6012
124 87 6013
124 88 6014
124 89 6015
124 90 6016
125 77 6017
125 78 6018
125 79 6019
125 80 6020
125 81 6021
125 82 6022
125 83 6023
125 84 6024
125 85 6025
125 86 6026
125 87 6027
125 88 6028
125 89 6029
125 90 6030
126 78 6031
126 79 6032
126 80 6033
126 81 6034
126 82 6035
126 83 6036
126 84 6037
126 85 6038
126 86 6039
126 87 6040
126 88 6041
126 89 6042
126 90 6043
127 78 6044
127 79 6045
127 80 6046
127 81 6047
127 82 6048
127 83 6049
127 84 6050
127 85 6051
127 86 6052
127 87 6053
127 88 6054
127 89 6055
127 90 6056
128 79 6057
128 80 6058
128 81 6059
128 82 6060
128 83 6061
128 84 6062
128 85 6063
128 86 6064
128 87 6065
128 88 6066
128 89 6067
128 90 6068
129 80 6069
129 81 6070
129 82 6071
129 83 6072
129 84 6073
129 85 6074
129 86 6075
129 87 6076
129 88 6077
129 89 6078
129 90 6079
130 81 6080
130 82 6081
130 83 6082
130 84 6083
130 85 6084
130 86 6085
130 87 6086
130 88 6087
130 89 6088
130 90 6089
130 91 6090
130 92 6091
131 82 6092
131 83 6093
131 84 6094
131 85 6095
131 86 6096
131 87 6097
131 88 6098
131 89 6099
131 90 6100
131 91 6101
131 92 6102
132 82 6103
132 83 6104
132 84 6105
132 85 6106
132 86 6107
132 87 6108
132 88 6109
132 89 6110
132 90 6111
132 91 6112
132 92 6113
132 94 6114
132 95 6115
133 82 6116
133 83 6117
133 84 6118
133 85 6119
133 86 6120
133 87 6121
133 88 6122
133 89 6123
133 90 6124
133 91 6125
133 92 6126
133 93 6127
133 94 6128
133 95 6129
134 83 6130
134 84 6131
134 85 6132
134 86 6133
134 87 6134
134 88 6135
134 89 6136
134 90 6137
134 91 6138
134 92 6139
134 93 6140
134 94 6141
134 95 6142
135 84 6143
135 85 6144
135 86 6145
135 87 6146
135 88 6147
135 89 6148
135 90 6149
135 91 6150
135 92 6151
135 93 6152
135 94 6153
135 95 6154
136 85 6155
136 86 6156
136 87 6157
136 88 6158
136 89 6159
136 90 6160
136 91 6161
136 92 6162
136 93 6163
136 94 6164
136 95 6165
136 96 6166
137 85 6167
137 86 6168
137 87 6169
137 88 6170
137 89 6171
137 90 6172
137 91 6173
137 92 6174
137 93 6175
137 94 6176
137 95 6177
137 96 6178
138 85 6179
138 86 6180
138 87 6181
138 88 6182
138 89 6183
138 90 6184
138 91 6185
138 92 6186
138 93 6187
138 94 6188
138 95 6189
138 96 6190
139 85 6191
139 86 6192
139 87 6193
139 88 6194
139 89 6195
139 90 6196
139 91 6197
139 92 6198
139 93 6199
139 94 6200
139 95 6201
139 96 6202
140 85 6203
140 86 6204
140 87 6205
140 88 6206
140 89 6207
140 90 6208
140 91 6209
140 92 6210
140 93 6211
140 94 6212
140 95 6213
141 84 6214
141 85 6215
142 84 6216
142 85 6217
